     t         kpm        kmax       Hmax       ksec       Hsec        Hp         Hm         HHp       HHm        HH0      mu5rms    mu5rms_ts  mu5m_ts      EMag       HMag      xiMag      xiHel
1.00427e+00  0.00000e+00  6.20000e+01  0.00000e+00  4.10000e+01 -0.00000e+00  0.00000e+00 -0.00000e+00  0.00000e+00  0.00000e+00 -0.00000e+00  0.00000e+00  0.00000e+00  0.00000e+00  3.01565e-03 -3.06522e-08  1.01973e-02 -3.72184e-02
1.50357e+00  0.00000e+00  6.20000e+01  0.00000e+00  4.10000e+01 -0.00000e+00  0.00000e+00 -0.00000e+00  0.00000e+00  0.00000e+00 -0.00000e+00  0.00000e+00  0.00000e+00  0.00000e+00  2.15950e-03 -2.89706e-08  1.03752e-02 -2.72566e-01
2.00287e+00  0.00000e+00  6.20000e+01  0.00000e+00  4.10000e+01 -0.00000e+00  0.00000e+00 -0.00000e+00  0.00000e+00  0.00000e+00 -0.00000e+00  0.00000e+00  0.00000e+00  0.00000e+00  1.71101e-03 -2.71454e-08  1.04339e-02  1.44926e-01
2.50371e+00  0.00000e+00  2.50000e+01  0.00000e+00  4.10000e+01 -0.00000e+00  0.00000e+00 -0.00000e+00  0.00000e+00  0.00000e+00 -0.00000e+00  0.00000e+00  0.00000e+00  0.00000e+00  1.43874e-03 -2.60505e-08  1.04884e-02  5.18966e-02
3.00253e+00  0.00000e+00  2.50000e+01  0.00000e+00  4.10000e+01 -0.00000e+00  0.00000e+00 -0.00000e+00  0.00000e+00  0.00000e+00 -0.00000e+00  0.00000e+00  0.00000e+00  0.00000e+00  1.25426e-03 -2.40277e-08  1.05521e-02  3.37385e-02
3.50329e+00  0.00000e+00  3.90000e+01  0.00000e+00  4.10000e+01 -0.00000e+00  0.00000e+00 -0.00000e+00  0.00000e+00  0.00000e+00 -0.00000e+00  0.00000e+00  0.00000e+00  0.00000e+00  1.11806e-03 -2.06319e-08  1.06259e-02  2.93283e-02
4.00431e+00  0.00000e+00  3.90000e+01  0.00000e+00  4.10000e+01 -0.00000e+00  0.00000e+00 -0.00000e+00  0.00000e+00  0.00000e+00 -0.00000e+00  0.00000e+00  0.00000e+00  0.00000e+00  1.01164e-03 -1.62255e-08  1.07053e-02  2.85516e-02
4.50291e+00  0.00000e+00  3.90000e+01  0.00000e+00  4.60000e+01 -0.00000e+00  0.00000e+00 -0.00000e+00  0.00000e+00  0.00000e+00 -0.00000e+00  0.00000e+00  0.00000e+00  0.00000e+00  9.25417e-04 -1.37487e-08  1.07854e-02  2.47141e-02
5.00386e+00  0.00000e+00  3.90000e+01  0.00000e+00  4.60000e+01 -0.00000e+00  0.00000e+00 -0.00000e+00  0.00000e+00  0.00000e+00 -0.00000e+00  0.00000e+00  0.00000e+00  0.00000e+00  8.52625e-04 -1.28501e-08  1.08665e-02  2.38951e-02
5.50364e+00  0.00000e+00  3.30000e+01  0.00000e+00  4.60000e+01 -0.00000e+00  0.00000e+00 -0.00000e+00  0.00000e+00  0.00000e+00 -0.00000e+00  0.00000e+00  0.00000e+00  0.00000e+00  7.90253e-04 -1.14860e-08  1.09462e-02  2.41500e-02
6.00360e+00  0.00000e+00  3.30000e+01  0.00000e+00  4.60000e+01 -0.00000e+00  0.00000e+00 -0.00000e+00  0.00000e+00  0.00000e+00 -0.00000e+00  0.00000e+00  0.00000e+00  0.00000e+00  7.35848e-04 -1.00911e-08  1.10244e-02  2.51726e-02
6.50438e+00  0.00000e+00  3.30000e+01  0.00000e+00  4.60000e+01 -0.00000e+00  0.00000e+00 -0.00000e+00  0.00000e+00  0.00000e+00 -0.00000e+00  0.00000e+00  0.00000e+00  0.00000e+00  6.87655e-04 -9.01212e-09  1.11005e-02  2.55892e-02
7.00472e+00  0.00000e+00  3.30000e+01  0.00000e+00  4.60000e+01 -0.00000e+00  0.00000e+00 -0.00000e+00  0.00000e+00  0.00000e+00 -0.00000e+00  0.00000e+00  0.00000e+00  0.00000e+00  6.44648e-04 -8.61831e-09  1.11756e-02  2.54097e-02
7.50476e+00  0.00000e+00  3.30000e+01  0.00000e+00  4.60000e+01 -0.00000e+00  0.00000e+00 -0.00000e+00  0.00000e+00  0.00000e+00 -0.00000e+00  0.00000e+00  0.00000e+00  0.00000e+00  6.06000e-04 -8.53671e-09  1.12478e-02  2.56250e-02
8.00259e+00  0.00000e+00  3.30000e+01  0.00000e+00  5.60000e+01 -0.00000e+00  0.00000e+00 -0.00000e+00  0.00000e+00  0.00000e+00 -0.00000e+00  0.00000e+00  0.00000e+00  0.00000e+00  5.71081e-04 -8.73214e-09  1.13174e-02  2.60319e-02
8.50400e+00  0.00000e+00  3.30000e+01  0.00000e+00  5.60000e+01 -0.00000e+00  0.00000e+00 -0.00000e+00  0.00000e+00  0.00000e+00 -0.00000e+00  0.00000e+00  0.00000e+00  0.00000e+00  5.38986e-04 -8.97445e-09  1.13864e-02  2.72180e-02
9.00448e+00  0.00000e+00  3.30000e+01  0.00000e+00  5.60000e+01 -0.00000e+00  0.00000e+00 -0.00000e+00  0.00000e+00  0.00000e+00 -0.00000e+00  0.00000e+00  0.00000e+00  0.00000e+00  5.09823e-04 -9.12727e-09  1.14549e-02  2.48260e-02
9.50386e+00  0.00000e+00  3.30000e+01  0.00000e+00  5.60000e+01 -0.00000e+00  0.00000e+00 -0.00000e+00  0.00000e+00  0.00000e+00 -0.00000e+00  0.00000e+00  0.00000e+00  0.00000e+00  4.82829e-04 -9.04499e-09  1.15205e-02  2.41711e-02
1.00048e+01  4.41221e+00  3.30000e+01  0.00000e+00  5.60000e+01 -0.00000e+00  0.00000e+00 -0.00000e+00  0.00000e+00  0.00000e+00 -0.00000e+00  0.00000e+00  0.00000e+00  0.00000e+00  4.58077e-04 -8.63204e-09  1.15872e-02  2.39105e-02
1.05031e+01 -8.78431e+00  3.30000e+01  0.00000e+00  5.60000e+01 -0.00000e+00  0.00000e+00 -0.00000e+00  0.00000e+00  0.00000e+00 -0.00000e+00  0.00000e+00  0.00000e+00  0.00000e+00  4.35218e-04 -8.39820e-09  1.16514e-02  2.37672e-02
1.10027e+01 -1.36481e+00  3.30000e+01  0.00000e+00  5.60000e+01 -0.00000e+00  0.00000e+00 -0.00000e+00  0.00000e+00  0.00000e+00 -0.00000e+00  0.00000e+00  0.00000e+00  0.00000e+00  4.13952e-04 -8.20545e-09  1.17163e-02  2.43736e-02
1.15030e+01 -4.44444e-01  3.30000e+01  0.00000e+00  5.60000e+01 -0.00000e+00  0.00000e+00 -0.00000e+00  0.00000e+00  0.00000e+00 -0.00000e+00  0.00000e+00  0.00000e+00  0.00000e+00  3.94191e-04 -8.06643e-09  1.17799e-02  2.29234e-02
1.20034e+01 -2.57310e-01  3.30000e+01  0.00000e+00  5.60000e+01 -0.00000e+00  0.00000e+00 -0.00000e+00  0.00000e+00  0.00000e+00 -0.00000e+00  0.00000e+00  0.00000e+00  0.00000e+00  3.75799e-04 -7.99168e-09  1.18420e-02  2.24272e-02
1.25030e+01 -4.45361e-01  3.30000e+01  0.00000e+00  5.60000e+01 -0.00000e+00  0.00000e+00 -0.00000e+00  0.00000e+00  0.00000e+00 -0.00000e+00  0.00000e+00  0.00000e+00  0.00000e+00  3.58555e-04 -7.64952e-09  1.19031e-02  2.25038e-02
1.30051e+01 -1.10383e+00  3.30000e+01  0.00000e+00  5.60000e+01 -0.00000e+00  0.00000e+00 -0.00000e+00  0.00000e+00  0.00000e+00 -0.00000e+00  0.00000e+00  0.00000e+00  0.00000e+00  3.42361e-04 -7.30476e-09  1.19642e-02  2.26442e-02
1.35047e+01 -2.26054e+00  3.30000e+01  0.00000e+00  5.60000e+01 -0.00000e+00  0.00000e+00 -0.00000e+00  0.00000e+00  0.00000e+00 -0.00000e+00  0.00000e+00  0.00000e+00  0.00000e+00  3.27380e-04 -6.90194e-09  1.20260e-02  2.14669e-02
1.40048e+01 -3.15929e+00  3.30000e+01  0.00000e+00  5.60000e+01 -0.00000e+00  0.00000e+00 -0.00000e+00  0.00000e+00  0.00000e+00 -0.00000e+00  0.00000e+00  0.00000e+00  0.00000e+00  3.13229e-04 -6.39117e-09  1.20859e-02  2.16188e-02
1.45050e+01 -3.68182e+00  3.30000e+01  0.00000e+00  5.60000e+01 -0.00000e+00  0.00000e+00 -0.00000e+00  0.00000e+00  0.00000e+00 -0.00000e+00  0.00000e+00  0.00000e+00  0.00000e+00  2.99952e-04 -6.17977e-09  1.21454e-02  2.18545e-02
1.50048e+01 -5.58823e+00  3.30000e+01  0.00000e+00  5.60000e+01 -0.00000e+00  0.00000e+00 -0.00000e+00  0.00000e+00  0.00000e+00 -0.00000e+00  0.00000e+00  0.00000e+00  0.00000e+00  2.87459e-04 -5.89952e-09  1.22043e-02  2.12842e-02
1.55031e+01 -1.36341e+01  3.30000e+01  0.00000e+00  5.60000e+01 -0.00000e+00  0.00000e+00 -0.00000e+00  0.00000e+00  0.00000e+00 -0.00000e+00  0.00000e+00  0.00000e+00  0.00000e+00  2.75679e-04 -5.84315e-09  1.22623e-02  2.06695e-02
1.60045e+01 -7.83744e+01  3.30000e+01  0.00000e+00  3.80000e+01 -0.00000e+00  0.00000e+00 -0.00000e+00  0.00000e+00  0.00000e+00 -0.00000e+00  0.00000e+00  0.00000e+00  0.00000e+00  2.64553e-04 -5.64426e-09  1.23220e-02  2.07000e-02
1.65050e+01 -4.08751e+01  3.30000e+01  0.00000e+00  3.80000e+01 -0.00000e+00  0.00000e+00 -0.00000e+00  0.00000e+00  0.00000e+00 -0.00000e+00  0.00000e+00  0.00000e+00  0.00000e+00  2.54101e-04 -5.39799e-09  1.23780e-02  1.99662e-02
1.70031e+01 -9.44117e+00  3.30000e+01  0.00000e+00  3.80000e+01 -0.00000e+00  0.00000e+00 -0.00000e+00  0.00000e+00  0.00000e+00 -0.00000e+00  0.00000e+00  0.00000e+00  0.00000e+00  2.44217e-04 -4.97216e-09  1.24368e-02  1.91480e-02
1.75030e+01 -3.96710e+00  3.30000e+01  0.00000e+00  3.80000e+01 -0.00000e+00  0.00000e+00 -0.00000e+00  0.00000e+00  0.00000e+00 -0.00000e+00  0.00000e+00  0.00000e+00  0.00000e+00  2.34760e-04 -4.62427e-09  1.24897e-02  1.84141e-02
1.80049e+01 -2.42553e+00  3.30000e+01  0.00000e+00  3.80000e+01 -0.00000e+00  0.00000e+00 -0.00000e+00  0.00000e+00  0.00000e+00 -0.00000e+00  0.00000e+00  0.00000e+00  0.00000e+00  2.25825e-04 -4.25920e-09  1.25461e-02  1.76135e-02
1.85042e+01 -1.89831e+00  3.30000e+01  0.00000e+00  3.80000e+01 -0.00000e+00  0.00000e+00 -0.00000e+00  0.00000e+00  0.00000e+00 -0.00000e+00  0.00000e+00  0.00000e+00  0.00000e+00  2.17342e-04 -4.21462e-09  1.25993e-02  1.66395e-02
1.90040e+01 -1.78462e+00  3.30000e+01  0.00000e+00  3.80000e+01 -0.00000e+00  0.00000e+00 -0.00000e+00  0.00000e+00  0.00000e+00 -0.00000e+00  0.00000e+00  0.00000e+00  0.00000e+00  2.09373e-04 -3.77907e-09  1.26553e-02  1.55845e-02
1.95044e+01 -1.66197e+00  3.30000e+01  0.00000e+00  5.60000e+01 -0.00000e+00  0.00000e+00 -0.00000e+00  0.00000e+00  0.00000e+00 -0.00000e+00  0.00000e+00  0.00000e+00  0.00000e+00  2.01699e-04 -3.52087e-09  1.27077e-02  1.51219e-02
2.00028e+01 -1.24138e+00  3.30000e+01  0.00000e+00  3.80000e+01 -0.00000e+00  0.00000e+00 -0.00000e+00  0.00000e+00  0.00000e+00 -0.00000e+00  0.00000e+00  0.00000e+00  0.00000e+00  1.94460e-04 -3.20529e-09  1.27596e-02  1.41421e-02
2.05027e+01 -8.25688e-01  3.30000e+01  0.00000e+00  5.60000e+01 -0.00000e+00  0.00000e+00 -0.00000e+00  0.00000e+00  0.00000e+00 -0.00000e+00  0.00000e+00  0.00000e+00  0.00000e+00  1.87586e-04 -3.06639e-09  1.28137e-02  1.34733e-02
2.10043e+01 -5.53846e-01  3.30000e+01  0.00000e+00  3.80000e+01 -0.00000e+00  0.00000e+00 -0.00000e+00  0.00000e+00  0.00000e+00 -0.00000e+00  0.00000e+00  0.00000e+00  0.00000e+00  1.80909e-04 -2.82246e-09  1.28616e-02  1.34956e-02
2.15045e+01 -4.53901e-01  3.30000e+01  0.00000e+00  3.80000e+01 -0.00000e+00  0.00000e+00 -0.00000e+00  0.00000e+00  0.00000e+00 -0.00000e+00  0.00000e+00  0.00000e+00  0.00000e+00  1.74644e-04 -2.68035e-09  1.29142e-02  1.37478e-02
2.20029e+01 -4.44444e-01  3.30000e+01  0.00000e+00  3.80000e+01 -0.00000e+00  0.00000e+00 -0.00000e+00  0.00000e+00  0.00000e+00 -0.00000e+00  0.00000e+00  0.00000e+00  0.00000e+00  1.68689e-04 -2.39125e-09  1.29659e-02  1.33009e-02
2.25035e+01 -4.52055e-01  3.30000e+01  0.00000e+00  3.80000e+01 -0.00000e+00  0.00000e+00 -0.00000e+00  0.00000e+00  0.00000e+00 -0.00000e+00  0.00000e+00  0.00000e+00  0.00000e+00  1.62948e-04 -2.22189e-09  1.30160e-02  1.30399e-02
2.30037e+01 -4.56376e-01  3.30000e+01  0.00000e+00  3.80000e+01 -0.00000e+00  0.00000e+00 -0.00000e+00  0.00000e+00  0.00000e+00 -0.00000e+00  0.00000e+00  0.00000e+00  0.00000e+00  1.57483e-04 -2.02836e-09  1.30655e-02  1.30163e-02
2.35041e+01 -4.66667e-01  3.30000e+01  0.00000e+00  5.60000e+01 -0.00000e+00  0.00000e+00 -0.00000e+00  0.00000e+00  0.00000e+00 -0.00000e+00  0.00000e+00  0.00000e+00  0.00000e+00  1.52228e-04 -1.95963e-09  1.31140e-02  1.28912e-02
2.40028e+01 -6.32353e-01  3.30000e+01  0.00000e+00  5.60000e+01 -0.00000e+00  0.00000e+00 -0.00000e+00  0.00000e+00  0.00000e+00 -0.00000e+00  0.00000e+00  0.00000e+00  0.00000e+00  1.47255e-04 -1.76370e-09  1.31630e-02  1.24130e-02
2.45033e+01 -8.57143e-01  3.30000e+01  0.00000e+00  5.60000e+01 -0.00000e+00  0.00000e+00 -0.00000e+00  0.00000e+00  0.00000e+00 -0.00000e+00  0.00000e+00  0.00000e+00  0.00000e+00  1.42478e-04 -1.51076e-09  1.32119e-02  1.18719e-02
2.50047e+01 -9.81819e-01  3.30000e+01  0.00000e+00  5.60000e+01 -0.00000e+00  0.00000e+00 -0.00000e+00  0.00000e+00  0.00000e+00 -0.00000e+00  0.00000e+00  0.00000e+00  0.00000e+00  1.37892e-04 -1.46690e-09  1.32610e-02  1.18366e-02
2.55028e+01 -9.81481e-01  3.30000e+01  0.00000e+00  5.60000e+01 -0.00000e+00  0.00000e+00 -0.00000e+00  0.00000e+00  0.00000e+00 -0.00000e+00  0.00000e+00  0.00000e+00  0.00000e+00  1.33496e-04 -1.50464e-09  1.33072e-02  1.25329e-02
2.60029e+01 -1.14286e+00  3.30000e+01  0.00000e+00  5.60000e+01 -0.00000e+00  0.00000e+00 -0.00000e+00  0.00000e+00  0.00000e+00 -0.00000e+00  0.00000e+00  0.00000e+00  0.00000e+00  1.29325e-04 -1.61003e-09  1.33555e-02  1.37521e-02
2.65039e+01 -1.97102e+00  3.30000e+01  0.00000e+00  5.60000e+01 -0.00000e+00  0.00000e+00 -0.00000e+00  0.00000e+00  0.00000e+00 -0.00000e+00  0.00000e+00  0.00000e+00  0.00000e+00  1.25264e-04 -1.78683e-09  1.34029e-02  1.53829e-02
2.70051e+01 -7.04000e+00  3.30000e+01  0.00000e+00  5.60000e+01 -0.00000e+00  0.00000e+00 -0.00000e+00  0.00000e+00  0.00000e+00 -0.00000e+00  0.00000e+00  0.00000e+00  0.00000e+00  1.21376e-04 -1.93256e-09  1.34478e-02  1.65193e-02
2.75044e+01  2.55000e+01  3.30000e+01  0.00000e+00  5.60000e+01 -0.00000e+00  0.00000e+00 -0.00000e+00  0.00000e+00  0.00000e+00 -0.00000e+00  0.00000e+00  0.00000e+00  0.00000e+00  1.17671e-04 -1.93634e-09  1.34962e-02  1.69364e-02
2.80049e+01  8.25191e+00  3.30000e+01  0.00000e+00  5.60000e+01 -0.00000e+00  0.00000e+00 -0.00000e+00  0.00000e+00  0.00000e+00 -0.00000e+00  0.00000e+00  0.00000e+00  0.00000e+00  1.14108e-04 -2.06397e-09  1.35399e-02  1.80232e-02
2.85029e+01  5.27570e+00  2.10000e+01  0.00000e+00  5.60000e+01 -0.00000e+00  0.00000e+00 -0.00000e+00  0.00000e+00  0.00000e+00 -0.00000e+00  0.00000e+00  0.00000e+00  0.00000e+00  1.10700e-04 -2.12364e-09  1.35873e-02  1.90969e-02
2.90049e+01  3.32620e+00  2.10000e+01  0.00000e+00  5.60000e+01 -0.00000e+00  0.00000e+00 -0.00000e+00  0.00000e+00  0.00000e+00 -0.00000e+00  0.00000e+00  0.00000e+00  0.00000e+00  1.07390e-04 -2.07127e-09  1.36338e-02  1.97695e-02
2.95038e+01  2.37815e+00  2.10000e+01  0.00000e+00  5.60000e+01 -0.00000e+00  0.00000e+00 -0.00000e+00  0.00000e+00  0.00000e+00 -0.00000e+00  0.00000e+00  0.00000e+00  0.00000e+00  1.04232e-04 -2.08737e-09  1.36798e-02  2.08226e-02
3.00030e+01  0.00000e+00  2.10000e+01  0.00000e+00  5.60000e+01 -0.00000e+00  0.00000e+00 -0.00000e+00  0.00000e+00  0.00000e+00 -0.00000e+00  0.00000e+00  0.00000e+00  0.00000e+00  1.01196e-04 -2.06663e-09  1.37245e-02  2.14069e-02
3.05043e+01  0.00000e+00  2.10000e+01  0.00000e+00  5.60000e+01 -0.00000e+00  0.00000e+00 -0.00000e+00  0.00000e+00  0.00000e+00 -0.00000e+00  0.00000e+00  0.00000e+00  0.00000e+00  9.82581e-05 -2.05108e-09  1.37709e-02  2.08697e-02
3.10048e+01  0.00000e+00  2.10000e+01  0.00000e+00  4.20000e+01 -0.00000e+00  0.00000e+00 -0.00000e+00  0.00000e+00  0.00000e+00 -0.00000e+00  0.00000e+00  0.00000e+00  0.00000e+00  9.54276e-05 -2.08880e-09  1.38167e-02  2.07305e-02
3.15049e+01  0.00000e+00  3.30000e+01  0.00000e+00  4.20000e+01 -0.00000e+00  0.00000e+00 -0.00000e+00  0.00000e+00  0.00000e+00 -0.00000e+00  0.00000e+00  0.00000e+00  0.00000e+00  9.27108e-05 -2.03448e-09  1.38617e-02  2.00516e-02
3.20032e+01  0.00000e+00  3.30000e+01  0.00000e+00  4.20000e+01 -0.00000e+00  0.00000e+00 -0.00000e+00  0.00000e+00  0.00000e+00 -0.00000e+00  0.00000e+00  0.00000e+00  0.00000e+00  9.01040e-05 -2.02640e-09  1.39082e-02  1.98997e-02
3.25030e+01  0.00000e+00  3.30000e+01  0.00000e+00  4.20000e+01 -0.00000e+00  0.00000e+00 -0.00000e+00  0.00000e+00  0.00000e+00 -0.00000e+00  0.00000e+00  0.00000e+00  0.00000e+00  8.75823e-05 -1.94854e-09  1.39535e-02  1.95642e-02
3.30034e+01  0.00000e+00  2.10000e+01  0.00000e+00  4.20000e+01 -0.00000e+00  0.00000e+00 -0.00000e+00  0.00000e+00  0.00000e+00 -0.00000e+00  0.00000e+00  0.00000e+00  0.00000e+00  8.51509e-05 -1.81773e-09  1.39979e-02  1.88784e-02
3.35054e+01  0.00000e+00  2.10000e+01  0.00000e+00  4.20000e+01 -0.00000e+00  0.00000e+00 -0.00000e+00  0.00000e+00  0.00000e+00 -0.00000e+00  0.00000e+00  0.00000e+00  0.00000e+00  8.27957e-05 -1.71130e-09  1.40430e-02  1.86093e-02
3.40036e+01  0.00000e+00  2.10000e+01  0.00000e+00  4.20000e+01 -0.00000e+00  0.00000e+00 -0.00000e+00  0.00000e+00  0.00000e+00 -0.00000e+00  0.00000e+00  0.00000e+00  0.00000e+00  8.05453e-05 -1.55534e-09  1.40870e-02  1.78431e-02
3.45050e+01  0.00000e+00  2.10000e+01  0.00000e+00  4.20000e+01 -0.00000e+00  0.00000e+00 -0.00000e+00  0.00000e+00  0.00000e+00 -0.00000e+00  0.00000e+00  0.00000e+00  0.00000e+00  7.83420e-05 -1.46421e-09  1.41311e-02  1.77541e-02
3.50046e+01  0.00000e+00  2.10000e+01  0.00000e+00  4.20000e+01 -0.00000e+00  0.00000e+00 -0.00000e+00  0.00000e+00  0.00000e+00 -0.00000e+00  0.00000e+00  0.00000e+00  0.00000e+00  7.62471e-05 -1.34052e-09  1.41719e-02  1.77350e-02
3.55046e+01  0.00000e+00  2.10000e+01  0.00000e+00  4.20000e+01 -0.00000e+00  0.00000e+00 -0.00000e+00  0.00000e+00  0.00000e+00 -0.00000e+00  0.00000e+00  0.00000e+00  0.00000e+00  7.42106e-05 -1.28654e-09  1.42130e-02  1.76244e-02
3.60047e+01  0.00000e+00  2.10000e+01  0.00000e+00  4.20000e+01 -0.00000e+00  0.00000e+00 -0.00000e+00  0.00000e+00  0.00000e+00 -0.00000e+00  0.00000e+00  0.00000e+00  0.00000e+00  7.22433e-05 -1.22418e-09  1.42545e-02  1.74613e-02
3.65050e+01  0.00000e+00  2.10000e+01  0.00000e+00  4.20000e+01 -0.00000e+00  0.00000e+00 -0.00000e+00  0.00000e+00  0.00000e+00 -0.00000e+00  0.00000e+00  0.00000e+00  0.00000e+00  7.03499e-05 -1.13127e-09  1.42951e-02  1.72279e-02
3.70053e+01  0.00000e+00  2.10000e+01  0.00000e+00  4.20000e+01 -0.00000e+00  0.00000e+00 -0.00000e+00  0.00000e+00  0.00000e+00 -0.00000e+00  0.00000e+00  0.00000e+00  0.00000e+00  6.85044e-05 -1.18292e-09  1.43355e-02  1.79804e-02
3.75051e+01  0.00000e+00  2.10000e+01  0.00000e+00  4.20000e+01 -0.00000e+00  0.00000e+00 -0.00000e+00  0.00000e+00  0.00000e+00 -0.00000e+00  0.00000e+00  0.00000e+00  0.00000e+00  6.67257e-05 -1.11506e-09  1.43745e-02  1.79683e-02
3.80050e+01  0.00000e+00  3.30000e+01  0.00000e+00  3.60000e+01 -0.00000e+00  0.00000e+00 -0.00000e+00  0.00000e+00  0.00000e+00 -0.00000e+00  0.00000e+00  0.00000e+00  0.00000e+00  6.50075e-05 -1.07196e-09  1.44132e-02  1.87077e-02
3.85055e+01  0.00000e+00  3.30000e+01  0.00000e+00  3.60000e+01 -0.00000e+00  0.00000e+00 -0.00000e+00  0.00000e+00  0.00000e+00 -0.00000e+00  0.00000e+00  0.00000e+00  0.00000e+00  6.33407e-05 -1.03223e-09  1.44517e-02  1.86898e-02
3.90055e+01  0.00000e+00  3.30000e+01  0.00000e+00  3.60000e+01 -0.00000e+00  0.00000e+00 -0.00000e+00  0.00000e+00  0.00000e+00 -0.00000e+00  0.00000e+00  0.00000e+00  0.00000e+00  6.17465e-05 -1.03258e-09  1.44898e-02  1.85079e-02
3.95037e+01  0.00000e+00  2.10000e+01  0.00000e+00  3.60000e+01 -0.00000e+00  0.00000e+00 -0.00000e+00  0.00000e+00  0.00000e+00 -0.00000e+00  0.00000e+00  0.00000e+00  0.00000e+00  6.01981e-05 -1.08308e-09  1.45269e-02  1.98674e-02
4.00055e+01  0.00000e+00  3.30000e+01  0.00000e+00  3.60000e+01 -0.00000e+00  0.00000e+00 -0.00000e+00  0.00000e+00  0.00000e+00 -0.00000e+00  0.00000e+00  0.00000e+00  0.00000e+00  5.86827e-05 -1.08761e-09  1.45660e-02  2.02494e-02
4.05033e+01  0.00000e+00  2.10000e+01  0.00000e+00  3.60000e+01 -0.00000e+00  0.00000e+00 -0.00000e+00  0.00000e+00  0.00000e+00 -0.00000e+00  0.00000e+00  0.00000e+00  0.00000e+00  5.72237e-05 -1.04068e-09  1.46055e-02  2.05579e-02
4.10037e+01  0.00000e+00  2.10000e+01  0.00000e+00  5.70000e+01 -0.00000e+00  0.00000e+00 -0.00000e+00  0.00000e+00  0.00000e+00 -0.00000e+00  0.00000e+00  0.00000e+00  0.00000e+00  5.58093e-05 -1.05807e-09  1.46431e-02  2.13390e-02
4.15031e+01  0.00000e+00  3.30000e+01  0.00000e+00  3.60000e+01 -0.00000e+00  0.00000e+00 -0.00000e+00  0.00000e+00  0.00000e+00 -0.00000e+00  0.00000e+00  0.00000e+00  0.00000e+00  5.44498e-05 -1.01486e-09  1.46806e-02  2.16094e-02
4.20036e+01  0.00000e+00  2.10000e+01  0.00000e+00  3.60000e+01 -0.00000e+00  0.00000e+00 -0.00000e+00  0.00000e+00  0.00000e+00 -0.00000e+00  0.00000e+00  0.00000e+00  0.00000e+00  5.31228e-05 -9.94984e-10  1.47206e-02  2.15778e-02
4.25042e+01  0.00000e+00  2.10000e+01  0.00000e+00  3.60000e+01 -0.00000e+00  0.00000e+00 -0.00000e+00  0.00000e+00  0.00000e+00 -0.00000e+00  0.00000e+00  0.00000e+00  0.00000e+00  5.18314e-05 -1.02773e-09  1.47579e-02  2.17422e-02
4.30044e+01  0.00000e+00  2.10000e+01  0.00000e+00  3.60000e+01 -0.00000e+00  0.00000e+00 -0.00000e+00  0.00000e+00  0.00000e+00 -0.00000e+00  0.00000e+00  0.00000e+00  0.00000e+00  5.05822e-05 -9.75781e-10  1.47969e-02  2.17477e-02
4.35035e+01  0.00000e+00  2.10000e+01  0.00000e+00  3.60000e+01 -0.00000e+00  0.00000e+00 -0.00000e+00  0.00000e+00  0.00000e+00 -0.00000e+00  0.00000e+00  0.00000e+00  0.00000e+00  4.93864e-05 -9.52834e-10  1.48339e-02  2.21192e-02
4.40055e+01  0.00000e+00  2.10000e+01  0.00000e+00  3.60000e+01 -0.00000e+00  0.00000e+00 -0.00000e+00  0.00000e+00  0.00000e+00 -0.00000e+00  0.00000e+00  0.00000e+00  0.00000e+00  4.82070e-05 -8.96994e-10  1.48729e-02  2.15599e-02
4.45045e+01  0.00000e+00  2.10000e+01  0.00000e+00  3.60000e+01 -0.00000e+00  0.00000e+00 -0.00000e+00  0.00000e+00  0.00000e+00 -0.00000e+00  0.00000e+00  0.00000e+00  0.00000e+00  4.70702e-05 -8.51491e-10  1.49114e-02  2.06235e-02
4.50034e+01  0.00000e+00  2.10000e+01  0.00000e+00  3.60000e+01 -0.00000e+00  0.00000e+00 -0.00000e+00  0.00000e+00  0.00000e+00 -0.00000e+00  0.00000e+00  0.00000e+00  0.00000e+00  4.59725e-05 -7.92702e-10  1.49476e-02  1.95806e-02
4.55047e+01  0.00000e+00  2.10000e+01  0.00000e+00  3.60000e+01 -0.00000e+00  0.00000e+00 -0.00000e+00  0.00000e+00  0.00000e+00 -0.00000e+00  0.00000e+00  0.00000e+00  0.00000e+00  4.48939e-05 -6.97713e-10  1.49891e-02  1.81134e-02
4.60032e+01  0.00000e+00  2.10000e+01  0.00000e+00  3.60000e+01 -0.00000e+00  0.00000e+00 -0.00000e+00  0.00000e+00  0.00000e+00 -0.00000e+00  0.00000e+00  0.00000e+00  0.00000e+00  4.38646e-05 -6.20956e-10  1.50259e-02  1.68273e-02
4.65047e+01  0.00000e+00  2.10000e+01  0.00000e+00  3.60000e+01 -0.00000e+00  0.00000e+00 -0.00000e+00  0.00000e+00  0.00000e+00 -0.00000e+00  0.00000e+00  0.00000e+00  0.00000e+00  4.28607e-05 -6.12499e-10  1.50647e-02  1.63350e-02
4.70032e+01  0.00000e+00  2.10000e+01  0.00000e+00  3.60000e+01 -0.00000e+00  0.00000e+00 -0.00000e+00  0.00000e+00  0.00000e+00 -0.00000e+00  0.00000e+00  0.00000e+00  0.00000e+00  4.18827e-05 -5.31341e-10  1.51053e-02  1.57023e-02
4.75045e+01  0.00000e+00  2.10000e+01  0.00000e+00  3.60000e+01 -0.00000e+00  0.00000e+00 -0.00000e+00  0.00000e+00  0.00000e+00 -0.00000e+00  0.00000e+00  0.00000e+00  0.00000e+00  4.09317e-05 -4.65120e-10  1.51435e-02  1.48027e-02
4.80032e+01  0.00000e+00  2.10000e+01  0.00000e+00  3.60000e+01 -0.00000e+00  0.00000e+00 -0.00000e+00  0.00000e+00  0.00000e+00 -0.00000e+00  0.00000e+00  0.00000e+00  0.00000e+00  4.00051e-05 -4.32053e-10  1.51825e-02  1.41811e-02
4.85051e+01  0.00000e+00  2.10000e+01  0.00000e+00  3.60000e+01 -0.00000e+00  0.00000e+00 -0.00000e+00  0.00000e+00  0.00000e+00 -0.00000e+00  0.00000e+00  0.00000e+00  0.00000e+00  3.91103e-05 -3.73458e-10  1.52204e-02  1.28692e-02
4.90042e+01  0.00000e+00  2.10000e+01  0.00000e+00  3.60000e+01 -0.00000e+00  0.00000e+00 -0.00000e+00  0.00000e+00  0.00000e+00 -0.00000e+00  0.00000e+00  0.00000e+00  0.00000e+00  3.82396e-05 -3.55908e-10  1.52590e-02  1.29547e-02
4.95034e+01  0.00000e+00  2.10000e+01  0.00000e+00  3.60000e+01 -0.00000e+00  0.00000e+00 -0.00000e+00  0.00000e+00  0.00000e+00 -0.00000e+00  0.00000e+00  0.00000e+00  0.00000e+00  3.73955e-05 -3.85264e-10  1.52983e-02  1.44766e-02
5.00056e+01  0.00000e+00  2.10000e+01  0.00000e+00  3.60000e+01 -0.00000e+00  0.00000e+00 -0.00000e+00  0.00000e+00  0.00000e+00 -0.00000e+00  0.00000e+00  0.00000e+00  0.00000e+00  3.65656e-05 -4.68345e-10  1.53371e-02  1.65135e-02
5.05048e+01  0.00000e+00  2.10000e+01  0.00000e+00  3.60000e+01 -0.00000e+00  0.00000e+00 -0.00000e+00  0.00000e+00  0.00000e+00 -0.00000e+00  0.00000e+00  0.00000e+00  0.00000e+00  3.57705e-05 -4.13588e-10  1.53749e-02  1.64678e-02
5.10040e+01  0.00000e+00  2.10000e+01  0.00000e+00  3.60000e+01 -0.00000e+00  0.00000e+00 -0.00000e+00  0.00000e+00  0.00000e+00 -0.00000e+00  0.00000e+00  0.00000e+00  0.00000e+00  3.49972e-05 -4.17797e-10  1.54138e-02  1.66442e-02
5.15036e+01  0.00000e+00  2.10000e+01  0.00000e+00  3.60000e+01 -0.00000e+00  0.00000e+00 -0.00000e+00  0.00000e+00  0.00000e+00 -0.00000e+00  0.00000e+00  0.00000e+00  0.00000e+00  3.42470e-05 -4.07300e-10  1.54520e-02  1.69000e-02
5.20032e+01  0.00000e+00  2.10000e+01  0.00000e+00  3.60000e+01 -0.00000e+00  0.00000e+00 -0.00000e+00  0.00000e+00  0.00000e+00 -0.00000e+00  0.00000e+00  0.00000e+00  0.00000e+00  3.35040e-05 -4.54298e-10  1.54881e-02  1.80956e-02
5.25030e+01  4.83967e+00  3.20000e+01  0.00000e+00  3.60000e+01 -0.00000e+00  0.00000e+00 -0.00000e+00  0.00000e+00  0.00000e+00 -0.00000e+00  0.00000e+00  0.00000e+00  0.00000e+00  3.27957e-05 -4.39929e-10  1.55277e-02  1.87206e-02
5.30056e+01  4.01098e+00  2.10000e+01  0.00000e+00  3.60000e+01 -0.00000e+00  0.00000e+00 -0.00000e+00  0.00000e+00  0.00000e+00 -0.00000e+00  0.00000e+00  0.00000e+00  0.00000e+00  3.20989e-05 -3.87719e-10  1.55662e-02  1.81027e-02
5.35055e+01  4.94681e-01  3.20000e+01  0.00000e+00  3.60000e+01 -0.00000e+00  0.00000e+00 -0.00000e+00  0.00000e+00  0.00000e+00 -0.00000e+00  0.00000e+00  0.00000e+00  0.00000e+00  3.14236e-05 -3.78513e-10  1.56039e-02  1.76548e-02
5.40055e+01 -5.74737e+00  2.90000e+01  0.00000e+00  3.60000e+01 -0.00000e+00  0.00000e+00 -0.00000e+00  0.00000e+00  0.00000e+00 -0.00000e+00  0.00000e+00  0.00000e+00  0.00000e+00  3.07645e-05 -3.54052e-10  1.56449e-02  1.78539e-02
5.45054e+01  6.87209e+00  3.20000e+01  0.00000e+00  3.60000e+01 -0.00000e+00  0.00000e+00 -0.00000e+00  0.00000e+00  0.00000e+00 -0.00000e+00  0.00000e+00  0.00000e+00  0.00000e+00  3.01254e-05 -3.17854e-10  1.56829e-02  1.73400e-02
5.50054e+01  3.92887e+00  4.70000e+01  0.00000e+00  3.60000e+01 -0.00000e+00  0.00000e+00 -0.00000e+00  0.00000e+00  0.00000e+00 -0.00000e+00  0.00000e+00  0.00000e+00  0.00000e+00  2.94971e-05 -3.52462e-10  1.57237e-02  1.86332e-02
5.55055e+01  3.37413e+00  3.20000e+01  0.00000e+00  3.60000e+01 -0.00000e+00  0.00000e+00 -0.00000e+00  0.00000e+00  0.00000e+00 -0.00000e+00  0.00000e+00  0.00000e+00  0.00000e+00  2.88914e-05 -3.40772e-10  1.57636e-02  1.91449e-02
5.60055e+01  3.10901e+00  4.70000e+01  0.00000e+00  3.60000e+01 -0.00000e+00  0.00000e+00 -0.00000e+00  0.00000e+00  0.00000e+00 -0.00000e+00  0.00000e+00  0.00000e+00  0.00000e+00  2.82992e-05 -3.11351e-10  1.58026e-02  1.91635e-02
5.65055e+01  4.91819e+01  4.70000e+01  0.00000e+00  3.60000e+01 -0.00000e+00  0.00000e+00 -0.00000e+00  0.00000e+00  0.00000e+00 -0.00000e+00  0.00000e+00  0.00000e+00  0.00000e+00  2.77272e-05 -3.63122e-10  1.58434e-02  2.22964e-02
5.70056e+01  1.35000e+01  4.70000e+01  0.00000e+00  3.60000e+01 -0.00000e+00  0.00000e+00 -0.00000e+00  0.00000e+00  0.00000e+00 -0.00000e+00  0.00000e+00  0.00000e+00  0.00000e+00  2.71591e-05 -3.89883e-10  1.58840e-02  2.49901e-02
5.75029e+01  7.71053e+00  4.70000e+01  0.00000e+00  3.60000e+01 -0.00000e+00  0.00000e+00 -0.00000e+00  0.00000e+00  0.00000e+00 -0.00000e+00  0.00000e+00  0.00000e+00  0.00000e+00  2.66171e-05 -4.28029e-10  1.59270e-02  2.81366e-02
5.80031e+01  4.84375e+00  4.70000e+01  0.00000e+00  3.60000e+01 -0.00000e+00  0.00000e+00 -0.00000e+00  0.00000e+00  0.00000e+00 -0.00000e+00  0.00000e+00  0.00000e+00  0.00000e+00  2.60826e-05 -4.74757e-10  1.59668e-02  3.03273e-02
5.85035e+01  3.23923e+00  4.70000e+01  0.00000e+00  3.60000e+01 -0.00000e+00  0.00000e+00 -0.00000e+00  0.00000e+00  0.00000e+00 -0.00000e+00  0.00000e+00  0.00000e+00  0.00000e+00  2.55662e-05 -5.08118e-10  1.60078e-02  3.44618e-02
5.90039e+01  2.42973e+00  4.70000e+01  0.00000e+00  3.60000e+01 -0.00000e+00  0.00000e+00 -0.00000e+00  0.00000e+00  0.00000e+00 -0.00000e+00  0.00000e+00  0.00000e+00  0.00000e+00  2.50573e-05 -5.01684e-10  1.60500e-02  3.85250e-02
5.95043e+01  2.04721e+00  4.70000e+01  0.00000e+00  3.60000e+01 -0.00000e+00  0.00000e+00 -0.00000e+00  0.00000e+00  0.00000e+00 -0.00000e+00  0.00000e+00  0.00000e+00  0.00000e+00  2.45625e-05 -5.61163e-10  1.60939e-02  4.38895e-02
6.00047e+01  0.00000e+00  4.70000e+01  0.00000e+00  3.60000e+01 -0.00000e+00  0.00000e+00 -0.00000e+00  0.00000e+00  0.00000e+00 -0.00000e+00  0.00000e+00  0.00000e+00  0.00000e+00  2.40844e-05 -6.02350e-10  1.61375e-02  4.70239e-02
6.05050e+01  0.00000e+00  4.70000e+01  0.00000e+00  3.60000e+01 -0.00000e+00  0.00000e+00 -0.00000e+00  0.00000e+00  0.00000e+00 -0.00000e+00  0.00000e+00  0.00000e+00  0.00000e+00  2.36157e-05 -6.56018e-10  1.61791e-02  5.16078e-02
6.10053e+01  0.00000e+00  4.70000e+01  0.00000e+00  3.60000e+01 -0.00000e+00  0.00000e+00 -0.00000e+00  0.00000e+00  0.00000e+00 -0.00000e+00  0.00000e+00  0.00000e+00  0.00000e+00  2.31627e-05 -6.81442e-10  1.62247e-02  5.37385e-02
6.15055e+01  0.00000e+00  4.70000e+01  0.00000e+00  3.60000e+01 -0.00000e+00  0.00000e+00 -0.00000e+00  0.00000e+00  0.00000e+00 -0.00000e+00  0.00000e+00  0.00000e+00  0.00000e+00  2.27141e-05 -6.85627e-10  1.62666e-02  5.28879e-02
6.20030e+01  0.00000e+00  4.70000e+01  0.00000e+00  3.60000e+01 -0.00000e+00  0.00000e+00 -0.00000e+00  0.00000e+00  0.00000e+00 -0.00000e+00  0.00000e+00  0.00000e+00  0.00000e+00  2.22823e-05 -6.37310e-10  1.63103e-02  5.32638e-02
6.25034e+01  0.00000e+00  4.70000e+01  0.00000e+00  3.60000e+01 -0.00000e+00  0.00000e+00 -0.00000e+00  0.00000e+00  0.00000e+00 -0.00000e+00  0.00000e+00  0.00000e+00  0.00000e+00  2.18550e-05 -6.34651e-10  1.63553e-02  5.51679e-02
6.30037e+01  0.00000e+00  4.70000e+01  0.00000e+00  3.60000e+01 -0.00000e+00  0.00000e+00 -0.00000e+00  0.00000e+00  0.00000e+00 -0.00000e+00  0.00000e+00  0.00000e+00  0.00000e+00  2.14487e-05 -6.02112e-10  1.64047e-02  5.20026e-02
6.35042e+01  0.00000e+00  4.70000e+01  0.00000e+00  3.60000e+01 -0.00000e+00  0.00000e+00 -0.00000e+00  0.00000e+00  0.00000e+00 -0.00000e+00  0.00000e+00  0.00000e+00  0.00000e+00  2.10430e-05 -5.76514e-10  1.64526e-02  5.17674e-02
6.40047e+01  0.00000e+00  4.70000e+01  0.00000e+00  3.60000e+01 -0.00000e+00  0.00000e+00 -0.00000e+00  0.00000e+00  0.00000e+00 -0.00000e+00  0.00000e+00  0.00000e+00  0.00000e+00  2.06499e-05 -5.73114e-10  1.65022e-02  5.11247e-02
6.45052e+01  0.00000e+00  4.70000e+01  0.00000e+00  3.60000e+01 -0.00000e+00  0.00000e+00 -0.00000e+00  0.00000e+00  0.00000e+00 -0.00000e+00  0.00000e+00  0.00000e+00  0.00000e+00  2.02619e-05 -5.43198e-10  1.65491e-02  5.12009e-02
6.50029e+01  0.00000e+00  4.70000e+01  0.00000e+00  3.60000e+01 -0.00000e+00  0.00000e+00 -0.00000e+00  0.00000e+00  0.00000e+00 -0.00000e+00  0.00000e+00  0.00000e+00  0.00000e+00  1.98921e-05 -4.93184e-10  1.65946e-02  5.03340e-02
6.55033e+01  0.00000e+00  4.70000e+01  0.00000e+00  3.60000e+01 -0.00000e+00  0.00000e+00 -0.00000e+00  0.00000e+00  0.00000e+00 -0.00000e+00  0.00000e+00  0.00000e+00  0.00000e+00  1.95254e-05 -4.63074e-10  1.66409e-02  5.16672e-02
6.60039e+01  0.00000e+00  2.30000e+01  0.00000e+00  3.60000e+01 -0.00000e+00  0.00000e+00 -0.00000e+00  0.00000e+00  0.00000e+00 -0.00000e+00  0.00000e+00  0.00000e+00  0.00000e+00  1.91681e-05 -4.51897e-10  1.66910e-02  4.91789e-02
6.65044e+01  0.00000e+00  2.30000e+01  0.00000e+00  3.60000e+01 -0.00000e+00  0.00000e+00 -0.00000e+00  0.00000e+00  0.00000e+00 -0.00000e+00  0.00000e+00  0.00000e+00  0.00000e+00  1.88115e-05 -4.34721e-10  1.67354e-02  4.87148e-02
6.70049e+01  2.95311e+00  5.30000e+01  0.00000e+00  3.60000e+01 -0.00000e+00 -0.00000e+00 -0.00000e+00  0.00000e+00  0.00000e+00 -0.00000e+00  0.00000e+00  0.00000e+00  0.00000e+00  1.84750e-05 -4.53161e-10  1.67801e-02  4.69691e-02
6.75054e+01  2.89249e+00  5.30000e+01  0.00000e+00  3.60000e+01 -0.00000e+00 -0.00000e+00 -0.00000e+00  0.00000e+00  0.00000e+00 -0.00000e+00  0.00000e+00  0.00000e+00  0.00000e+00  1.81413e-05 -4.25095e-10  1.68281e-02  5.00543e-02
6.80031e+01  2.85080e+00  2.30000e+01  0.00000e+00  3.60000e+01 -0.00000e+00 -0.00000e+00 -0.00000e+00  0.00000e+00  0.00000e+00 -0.00000e+00  0.00000e+00  0.00000e+00  0.00000e+00  1.78154e-05 -3.91845e-10  1.68711e-02  5.05144e-02
6.85035e+01  2.82867e+00  2.30000e+01  0.00000e+00  3.60000e+01 -0.00000e+00 -0.00000e+00 -0.00000e+00  0.00000e+00  0.00000e+00 -0.00000e+00  0.00000e+00  0.00000e+00  0.00000e+00  1.74986e-05 -4.40338e-10  1.69128e-02  4.88784e-02
6.90040e+01  2.77700e+00  2.30000e+01  0.00000e+00  3.60000e+01 -0.00000e+00 -0.00000e+00 -0.00000e+00  0.00000e+00  0.00000e+00 -0.00000e+00  0.00000e+00  0.00000e+00  0.00000e+00  1.71862e-05 -4.85002e-10  1.69570e-02  5.12718e-02
6.95044e+01  2.64575e+00  5.30000e+01  0.00000e+00  3.60000e+01 -0.00000e+00 -0.00000e+00 -0.00000e+00  0.00000e+00  0.00000e+00 -0.00000e+00  0.00000e+00  0.00000e+00  0.00000e+00  1.68801e-05 -5.02254e-10  1.70008e-02  5.47890e-02
7.00049e+01  2.50542e+00  5.30000e+01  0.00000e+00  3.60000e+01 -0.00000e+00 -0.00000e+00 -0.00000e+00  0.00000e+00  0.00000e+00 -0.00000e+00  0.00000e+00  0.00000e+00  0.00000e+00  1.65918e-05 -5.04102e-10  1.70448e-02  5.44006e-02
7.05054e+01  2.43750e+00  2.30000e+01  0.00000e+00  3.60000e+01 -0.00000e+00 -0.00000e+00 -0.00000e+00  0.00000e+00  0.00000e+00 -0.00000e+00  0.00000e+00  0.00000e+00  0.00000e+00  1.63003e-05 -5.40714e-10  1.70893e-02  6.11861e-02
7.10030e+01  6.54612e+00  2.30000e+01  0.00000e+00  3.60000e+01 -0.00000e+00 -0.00000e+00 -0.00000e+00  0.00000e+00  0.00000e+00 -0.00000e+00  0.00000e+00  0.00000e+00  0.00000e+00  1.60152e-05 -5.52156e-10  1.71314e-02  6.08949e-02
7.15034e+01  6.39478e+00  2.30000e+01  0.00000e+00  3.60000e+01 -0.00000e+00 -0.00000e+00 -0.00000e+00  0.00000e+00  0.00000e+00 -0.00000e+00  0.00000e+00  0.00000e+00  0.00000e+00  1.57400e-05 -5.55224e-10  1.71788e-02  6.84752e-02
7.20039e+01  6.95292e+00  2.30000e+01  0.00000e+00  3.60000e+01 -0.00000e+00 -0.00000e+00 -0.00000e+00  0.00000e+00  0.00000e+00 -0.00000e+00  0.00000e+00  0.00000e+00  0.00000e+00  1.54679e-05 -6.09344e-10  1.72264e-02  7.04926e-02
7.25044e+01  6.63053e+00  5.30000e+01  0.00000e+00  3.60000e+01 -0.00000e+00 -0.00000e+00 -0.00000e+00  0.00000e+00  0.00000e+00 -0.00000e+00  0.00000e+00  0.00000e+00  0.00000e+00  1.52009e-05 -6.43094e-10  1.72720e-02  7.11462e-02
7.30050e+01  4.70526e+01  2.90000e+01  0.00000e+00  3.60000e+01 -0.00000e+00 -0.00000e+00 -0.00000e+00  0.00000e+00  0.00000e+00 -0.00000e+00  0.00000e+00  0.00000e+00  0.00000e+00  1.49403e-05 -6.08065e-10  1.73206e-02  7.03093e-02
7.35029e+01 -5.60378e+00  2.30000e+01  0.00000e+00  3.60000e+01 -0.00000e+00 -0.00000e+00 -0.00000e+00  0.00000e+00  0.00000e+00 -0.00000e+00  0.00000e+00  0.00000e+00  0.00000e+00  1.46934e-05 -6.19696e-10  1.73716e-02  7.32850e-02
7.40035e+01 -4.94118e+00  2.30000e+01  0.00000e+00  3.60000e+01 -0.00000e+00 -0.00000e+00 -0.00000e+00  0.00000e+00  0.00000e+00 -0.00000e+00  0.00000e+00  0.00000e+00  0.00000e+00  1.44414e-05 -6.27537e-10  1.74195e-02  7.02655e-02
7.45041e+01  0.00000e+00  2.30000e+01  0.00000e+00  3.60000e+01 -0.00000e+00  0.00000e+00 -0.00000e+00  0.00000e+00  0.00000e+00 -0.00000e+00  0.00000e+00  0.00000e+00  0.00000e+00  1.41971e-05 -6.21586e-10  1.74700e-02  7.12725e-02
7.50048e+01  0.00000e+00  2.30000e+01  0.00000e+00  3.60000e+01 -0.00000e+00  0.00000e+00 -0.00000e+00  0.00000e+00  0.00000e+00 -0.00000e+00  0.00000e+00  0.00000e+00  0.00000e+00  1.39641e-05 -6.08024e-10  1.75239e-02  7.20547e-02
7.55055e+01  0.00000e+00  2.30000e+01  0.00000e+00  3.60000e+01 -0.00000e+00  0.00000e+00 -0.00000e+00  0.00000e+00  0.00000e+00 -0.00000e+00  0.00000e+00  0.00000e+00  0.00000e+00  1.37338e-05 -5.97368e-10  1.75776e-02  7.05200e-02
7.60035e+01  0.00000e+00  3.50000e+01  0.00000e+00  3.60000e+01 -0.00000e+00  0.00000e+00 -0.00000e+00  0.00000e+00  0.00000e+00 -0.00000e+00  0.00000e+00  0.00000e+00  0.00000e+00  1.35089e-05 -4.82642e-10  1.76297e-02  7.01732e-02
7.65043e+01  0.00000e+00  3.50000e+01  0.00000e+00  3.60000e+01 -0.00000e+00  0.00000e+00 -0.00000e+00  0.00000e+00  0.00000e+00 -0.00000e+00  0.00000e+00  0.00000e+00  0.00000e+00  1.32852e-05 -4.36294e-10  1.76773e-02  6.40618e-02
7.70052e+01  0.00000e+00  3.50000e+01  0.00000e+00  3.60000e+01 -0.00000e+00  0.00000e+00 -0.00000e+00  0.00000e+00  0.00000e+00 -0.00000e+00  0.00000e+00  0.00000e+00  0.00000e+00  1.30677e-05 -3.89799e-10  1.77322e-02  5.91819e-02
7.75032e+01  0.00000e+00  2.30000e+01  0.00000e+00  1.00000e+01 -0.00000e+00  0.00000e+00 -0.00000e+00  0.00000e+00  0.00000e+00 -0.00000e+00  0.00000e+00  0.00000e+00  0.00000e+00  1.28589e-05 -3.36025e-10  1.77913e-02  5.70863e-02
7.80041e+01  0.00000e+00  2.30000e+01  0.00000e+00  1.00000e+01 -0.00000e+00  0.00000e+00 -0.00000e+00  0.00000e+00  0.00000e+00 -0.00000e+00  0.00000e+00  0.00000e+00  0.00000e+00  1.26486e-05 -2.85174e-10  1.78467e-02  5.41231e-02
7.85051e+01  0.00000e+00  2.30000e+01  0.00000e+00  1.00000e+01 -0.00000e+00  0.00000e+00 -0.00000e+00  0.00000e+00  0.00000e+00 -0.00000e+00  0.00000e+00  0.00000e+00  0.00000e+00  1.24456e-05 -2.73234e-10  1.79030e-02  5.41270e-02
7.90034e+01  0.00000e+00  2.30000e+01  0.00000e+00  4.00000e+01 -0.00000e+00  0.00000e+00 -0.00000e+00  0.00000e+00  0.00000e+00 -0.00000e+00  0.00000e+00  0.00000e+00  0.00000e+00  1.22507e-05 -2.26684e-10  1.79618e-02  5.24685e-02
7.95044e+01  0.00000e+00  2.30000e+01  0.00000e+00  4.00000e+01 -0.00000e+00  0.00000e+00 -0.00000e+00  0.00000e+00  0.00000e+00 -0.00000e+00  0.00000e+00  0.00000e+00  0.00000e+00  1.20560e-05 -2.48707e-10  1.80229e-02  4.90801e-02
8.00055e+01  0.00000e+00  3.20000e+01  0.00000e+00  2.70000e+01 -0.00000e+00  0.00000e+00 -0.00000e+00  0.00000e+00  0.00000e+00 -0.00000e+00  0.00000e+00  0.00000e+00  0.00000e+00  1.18665e-05 -1.96604e-10  1.80855e-02  4.78981e-02
8.05038e+01  0.00000e+00  2.30000e+01  0.00000e+00  2.70000e+01 -0.00000e+00  0.00000e+00 -0.00000e+00  0.00000e+00  0.00000e+00 -0.00000e+00  0.00000e+00  0.00000e+00  0.00000e+00  1.16799e-05 -1.92141e-10  1.81445e-02  4.66127e-02
8.10048e+01  0.00000e+00  2.30000e+01  0.00000e+00  4.00000e+01 -0.00000e+00  0.00000e+00 -0.00000e+00  0.00000e+00  0.00000e+00 -0.00000e+00  0.00000e+00  0.00000e+00  0.00000e+00  1.14996e-05 -2.18390e-10  1.82073e-02  5.05496e-02
8.15031e+01  0.00000e+00  2.30000e+01  0.00000e+00  4.00000e+01 -0.00000e+00  0.00000e+00 -0.00000e+00  0.00000e+00  0.00000e+00 -0.00000e+00  0.00000e+00  0.00000e+00  0.00000e+00  1.13212e-05 -2.10348e-10  1.82664e-02  4.90958e-02
8.20042e+01  0.00000e+00  2.30000e+01  0.00000e+00  4.00000e+01 -0.00000e+00  0.00000e+00 -0.00000e+00  0.00000e+00  0.00000e+00 -0.00000e+00  0.00000e+00  0.00000e+00  0.00000e+00  1.11456e-05 -2.35138e-10  1.83273e-02  5.45123e-02
8.25055e+01  0.00000e+00  2.30000e+01  0.00000e+00  2.70000e+01 -0.00000e+00  0.00000e+00 -0.00000e+00  0.00000e+00  0.00000e+00 -0.00000e+00  0.00000e+00  0.00000e+00  0.00000e+00  1.09744e-05 -2.31941e-10  1.83892e-02  5.68087e-02
8.30039e+01  2.17598e+00  3.20000e+01  0.00000e+00  2.70000e+01 -0.00000e+00  0.00000e+00 -0.00000e+00  0.00000e+00  0.00000e+00 -0.00000e+00  0.00000e+00  0.00000e+00  0.00000e+00  1.08049e-05 -2.29805e-10  1.84485e-02  6.25776e-02
8.35052e+01  3.31848e+00  2.30000e+01  0.00000e+00  2.70000e+01 -0.00000e+00  0.00000e+00 -0.00000e+00  0.00000e+00  0.00000e+00 -0.00000e+00  0.00000e+00  0.00000e+00  0.00000e+00  1.06443e-05 -2.38525e-10  1.85138e-02  5.89336e-02
8.40037e+01  3.29147e+00  3.20000e+01  0.00000e+00  4.00000e+01 -0.00000e+00  0.00000e+00 -0.00000e+00  0.00000e+00  0.00000e+00 -0.00000e+00  0.00000e+00  0.00000e+00  0.00000e+00  1.04820e-05 -1.97401e-10  1.85762e-02  5.86513e-02
8.45051e+01  4.21990e+00  2.30000e+01  0.00000e+00  4.00000e+01 -0.00000e+00  0.00000e+00 -0.00000e+00  0.00000e+00  0.00000e+00 -0.00000e+00  0.00000e+00  0.00000e+00  0.00000e+00  1.03229e-05 -1.69094e-10  1.86422e-02  5.51796e-02
8.50036e+01  5.57143e+00  2.30000e+01  0.00000e+00  2.70000e+01 -0.00000e+00  0.00000e+00 -0.00000e+00  0.00000e+00  0.00000e+00 -0.00000e+00  0.00000e+00  0.00000e+00  0.00000e+00  1.01698e-05 -1.55740e-10  1.87071e-02  5.27805e-02
8.55049e+01  7.33333e+00  2.30000e+01  0.00000e+00  2.70000e+01 -0.00000e+00  0.00000e+00 -0.00000e+00  0.00000e+00  0.00000e+00 -0.00000e+00  0.00000e+00  0.00000e+00  0.00000e+00  1.00215e-05 -8.77835e-11  1.87756e-02  6.00846e-02
8.60035e+01  1.24407e+01  2.30000e+01  0.00000e+00  2.70000e+01 -0.00000e+00  0.00000e+00 -0.00000e+00  0.00000e+00  0.00000e+00 -0.00000e+00  0.00000e+00  0.00000e+00  0.00000e+00  9.87270e-06 -9.69437e-11  1.88419e-02  4.95556e-02
8.65050e+01 -3.39000e+02  2.30000e+01  0.00000e+00  2.70000e+01 -0.00000e+00  0.00000e+00 -0.00000e+00  0.00000e+00  0.00000e+00 -0.00000e+00  0.00000e+00  0.00000e+00  0.00000e+00  9.72603e-06 -9.07726e-11  1.89143e-02  4.25569e-02
8.70035e+01 -9.54688e+00  2.60000e+01  0.00000e+00  4.50000e+01 -0.00000e+00  0.00000e+00 -0.00000e+00  0.00000e+00  0.00000e+00 -0.00000e+00  0.00000e+00  0.00000e+00  0.00000e+00  9.58785e-06 -1.11458e-10  1.89844e-02  5.42112e-02
8.75049e+01 -6.09677e+00  2.30000e+01  0.00000e+00  4.50000e+01 -0.00000e+00  0.00000e+00 -0.00000e+00  0.00000e+00  0.00000e+00 -0.00000e+00  0.00000e+00  0.00000e+00  0.00000e+00  9.44495e-06 -6.36079e-11  1.90540e-02  6.93650e-02
8.80034e+01 -1.06071e+01  2.30000e+01  0.00000e+00  1.00000e+01 -0.00000e+00  0.00000e+00 -0.00000e+00  0.00000e+00  0.00000e+00 -0.00000e+00  0.00000e+00  0.00000e+00  0.00000e+00  9.31001e-06 -1.02313e-10  1.91266e-02  6.68849e-02
8.85048e+01  7.21109e+01  2.30000e+01  0.00000e+00  4.50000e+01 -0.00000e+00  0.00000e+00 -0.00000e+00  0.00000e+00  0.00000e+00 -0.00000e+00  0.00000e+00  0.00000e+00  0.00000e+00  9.17515e-06 -1.23789e-10  1.91990e-02  1.17558e-01
8.90034e+01  1.17627e+01  2.30000e+01  0.00000e+00  2.70000e+01 -0.00000e+00  0.00000e+00 -0.00000e+00  0.00000e+00  0.00000e+00 -0.00000e+00  0.00000e+00  0.00000e+00  0.00000e+00  9.04595e-06 -1.75228e-10  1.92718e-02  9.26613e-02
8.95048e+01  8.18391e+00  2.60000e+01  0.00000e+00  4.50000e+01 -0.00000e+00  0.00000e+00 -0.00000e+00  0.00000e+00  0.00000e+00 -0.00000e+00  0.00000e+00  0.00000e+00  0.00000e+00  8.91661e-06 -2.20039e-10  1.93479e-02  9.20770e-02
9.00034e+01  5.32143e+00  2.30000e+01  0.00000e+00  4.50000e+01 -0.00000e+00  0.00000e+00 -0.00000e+00  0.00000e+00  0.00000e+00 -0.00000e+00  0.00000e+00  0.00000e+00  0.00000e+00  8.79116e-06 -2.39072e-10  1.94236e-02  1.10690e-01
9.05048e+01  3.28516e+00  2.30000e+01  0.00000e+00  6.00000e+00 -0.00000e+00  0.00000e+00 -0.00000e+00  0.00000e+00  0.00000e+00 -0.00000e+00  0.00000e+00  0.00000e+00  0.00000e+00  8.66844e-06 -2.14639e-10  1.94998e-02  2.87383e-01
9.10033e+01  2.45119e+00  2.30000e+01  0.00000e+00  4.50000e+01 -0.00000e+00  0.00000e+00 -0.00000e+00  0.00000e+00  0.00000e+00 -0.00000e+00  0.00000e+00  0.00000e+00  0.00000e+00  8.54583e-06 -3.01017e-10  1.95729e-02  2.05743e-01
9.15046e+01  2.10800e+00  2.30000e+01  0.00000e+00  6.00000e+00 -0.00000e+00  0.00000e+00 -0.00000e+00  0.00000e+00  0.00000e+00 -0.00000e+00  0.00000e+00  0.00000e+00  0.00000e+00  8.42751e-06 -3.37013e-10  1.96495e-02  2.33349e-01
9.20031e+01  0.00000e+00  2.30000e+01  0.00000e+00  7.00000e+00 -0.00000e+00  0.00000e+00 -0.00000e+00  0.00000e+00  0.00000e+00 -0.00000e+00  0.00000e+00  0.00000e+00  0.00000e+00  8.31116e-06 -3.84836e-10  1.97278e-02  1.75112e-01
9.25045e+01  0.00000e+00  2.30000e+01  0.00000e+00  7.00000e+00 -0.00000e+00  0.00000e+00 -0.00000e+00  0.00000e+00  0.00000e+00 -0.00000e+00  0.00000e+00  0.00000e+00  0.00000e+00  8.19742e-06 -4.02928e-10  1.98052e-02  1.73241e-01
9.30030e+01  0.00000e+00  2.30000e+01  0.00000e+00  7.00000e+00 -0.00000e+00  0.00000e+00 -0.00000e+00  0.00000e+00  0.00000e+00 -0.00000e+00  0.00000e+00  0.00000e+00  0.00000e+00  8.08658e-06 -3.62391e-10  1.98832e-02  3.41097e-01
9.35044e+01  0.00000e+00  2.30000e+01  0.00000e+00  4.50000e+01 -0.00000e+00  0.00000e+00 -0.00000e+00  0.00000e+00  0.00000e+00 -0.00000e+00  0.00000e+00  0.00000e+00  0.00000e+00  7.97529e-06 -3.73337e-10  1.99624e-02  2.44151e-01
9.40029e+01  0.00000e+00  2.30000e+01  0.00000e+00  1.00000e+01 -0.00000e+00  0.00000e+00 -0.00000e+00  0.00000e+00  0.00000e+00 -0.00000e+00  0.00000e+00  0.00000e+00  0.00000e+00  7.86784e-06 -3.63330e-10  2.00411e-02  2.64967e-01
9.45043e+01  0.00000e+00  2.30000e+01  0.00000e+00  1.00000e+01 -0.00000e+00  0.00000e+00 -0.00000e+00  0.00000e+00  0.00000e+00 -0.00000e+00  0.00000e+00  0.00000e+00  0.00000e+00  7.76190e-06 -3.36222e-10  2.01258e-02  3.16537e-01
9.50029e+01  0.00000e+00  2.30000e+01  0.00000e+00  1.00000e+01 -0.00000e+00  0.00000e+00 -0.00000e+00  0.00000e+00  0.00000e+00 -0.00000e+00  0.00000e+00  0.00000e+00  0.00000e+00  7.65998e-06 -3.18142e-10  2.02106e-02  2.41145e-01
9.55043e+01  0.00000e+00  2.30000e+01  0.00000e+00  1.00000e+01 -0.00000e+00  0.00000e+00 -0.00000e+00  0.00000e+00  0.00000e+00 -0.00000e+00  0.00000e+00  0.00000e+00  0.00000e+00  7.55787e-06 -3.12796e-10  2.02891e-02  2.32385e-01
9.60029e+01  0.00000e+00  2.30000e+01  0.00000e+00  1.00000e+01 -0.00000e+00  0.00000e+00 -0.00000e+00  0.00000e+00  0.00000e+00 -0.00000e+00  0.00000e+00  0.00000e+00  0.00000e+00  7.45767e-06 -2.52789e-10  2.03690e-02  8.67947e-01
9.65043e+01  0.00000e+00  2.30000e+01  0.00000e+00  1.00000e+01 -0.00000e+00  0.00000e+00 -0.00000e+00  0.00000e+00  0.00000e+00 -0.00000e+00  0.00000e+00  0.00000e+00  0.00000e+00  7.35945e-06 -2.47836e-10  2.04505e-02  7.80331e-01
9.70029e+01  0.00000e+00  2.30000e+01  0.00000e+00  1.00000e+01 -0.00000e+00  0.00000e+00 -0.00000e+00  0.00000e+00  0.00000e+00 -0.00000e+00  0.00000e+00  0.00000e+00  0.00000e+00  7.26369e-06 -2.33550e-10  2.05307e-02  2.99452e+00
9.75044e+01  0.00000e+00  2.30000e+01  0.00000e+00  1.00000e+01 -0.00000e+00  0.00000e+00 -0.00000e+00  0.00000e+00  0.00000e+00 -0.00000e+00  0.00000e+00  0.00000e+00  0.00000e+00  7.16919e-06 -1.98505e-10  2.06103e-02  4.88974e+00
9.80031e+01  0.00000e+00  4.90000e+01  0.00000e+00  1.00000e+01 -0.00000e+00  0.00000e+00 -0.00000e+00  0.00000e+00  0.00000e+00 -0.00000e+00  0.00000e+00  0.00000e+00  0.00000e+00  7.07667e-06 -1.85400e-10  2.06897e-02  2.45273e+01
9.85046e+01  0.00000e+00  4.90000e+01  0.00000e+00  1.00000e+01 -0.00000e+00  0.00000e+00 -0.00000e+00  0.00000e+00  0.00000e+00 -0.00000e+00  0.00000e+00  0.00000e+00  0.00000e+00  6.98486e-06 -2.11674e-10  2.07662e-02  9.66131e-01
9.90033e+01  0.00000e+00  2.30000e+01  0.00000e+00  1.00000e+01 -0.00000e+00  0.00000e+00 -0.00000e+00  0.00000e+00  0.00000e+00 -0.00000e+00  0.00000e+00  0.00000e+00  0.00000e+00  6.89584e-06 -1.91340e-10  2.08380e-02 -1.70369e+00
9.95049e+01  0.00000e+00  2.30000e+01  0.00000e+00  1.00000e+01 -0.00000e+00  0.00000e+00 -0.00000e+00  0.00000e+00  0.00000e+00 -0.00000e+00  0.00000e+00  0.00000e+00  0.00000e+00  6.80719e-06 -1.88334e-10  2.09126e-02 -3.51994e-01
1.00004e+02  2.90731e+00  2.30000e+01  0.00000e+00  1.00000e+01 -0.00000e+00 -0.00000e+00 -0.00000e+00  0.00000e+00  0.00000e+00 -0.00000e+00  0.00000e+00  0.00000e+00  0.00000e+00  6.72126e-06 -1.92930e-10  2.09781e-02 -4.83462e-01
1.00505e+02  2.77468e+00  4.90000e+01  0.00000e+00  1.00000e+01 -0.00000e+00 -0.00000e+00 -0.00000e+00  0.00000e+00  0.00000e+00 -0.00000e+00  0.00000e+00  0.00000e+00  0.00000e+00  6.63574e-06 -2.35481e-10  2.10490e-02  5.87821e-01
1.01004e+02  2.64190e+00  1.10000e+01  0.00000e+00  1.00000e+01 -0.00000e+00 -0.00000e+00 -0.00000e+00  0.00000e+00  0.00000e+00 -0.00000e+00  0.00000e+00  0.00000e+00  0.00000e+00  6.55193e-06 -2.30225e-10  2.11180e-02 -1.54499e+00
1.01503e+02  2.69420e+00  1.10000e+01  0.00000e+00  1.00000e+01 -0.00000e+00 -0.00000e+00 -0.00000e+00  0.00000e+00  0.00000e+00 -0.00000e+00  0.00000e+00  0.00000e+00  0.00000e+00  6.46961e-06 -2.85335e-10  2.11856e-02  7.66641e-01
1.02005e+02  2.49153e+00  1.10000e+01  0.00000e+00  1.00000e+01 -0.00000e+00 -0.00000e+00 -0.00000e+00  0.00000e+00  0.00000e+00 -0.00000e+00  0.00000e+00  0.00000e+00  0.00000e+00  6.38886e-06 -3.16396e-10  2.12531e-02  3.98438e-01
1.02504e+02  8.66577e+00  2.30000e+01  0.00000e+00  1.00000e+01 -0.00000e+00 -0.00000e+00 -0.00000e+00  0.00000e+00  0.00000e+00 -0.00000e+00  0.00000e+00  0.00000e+00  0.00000e+00  6.31023e-06 -3.35211e-10  2.13219e-02  6.59425e-01
1.03005e+02  8.69430e+00  4.90000e+01  0.00000e+00  1.00000e+01 -0.00000e+00 -0.00000e+00 -0.00000e+00  0.00000e+00  0.00000e+00 -0.00000e+00  0.00000e+00  0.00000e+00  0.00000e+00  6.23289e-06 -3.57780e-10  2.13971e-02  7.11025e-01
1.03504e+02  8.77058e+00  4.90000e+01  0.00000e+00  1.00000e+01 -0.00000e+00 -0.00000e+00 -0.00000e+00  0.00000e+00  0.00000e+00 -0.00000e+00  0.00000e+00  0.00000e+00  0.00000e+00  6.15681e-06 -3.93417e-10  2.14664e-02  3.94441e-01
1.04006e+02  5.42240e+00  4.90000e+01  0.00000e+00  1.00000e+01 -0.00000e+00 -0.00000e+00 -0.00000e+00  0.00000e+00  0.00000e+00 -0.00000e+00  0.00000e+00  0.00000e+00  0.00000e+00  6.08109e-06 -4.14605e-10  2.15402e-02  3.49364e-01
1.04504e+02  1.39424e+01  4.90000e+01  0.00000e+00  1.00000e+01 -0.00000e+00 -0.00000e+00 -0.00000e+00  0.00000e+00  0.00000e+00 -0.00000e+00  0.00000e+00  0.00000e+00  0.00000e+00  6.00800e-06 -4.27523e-10  2.16174e-02  3.78961e-01
1.05003e+02 -1.04032e+01  1.60000e+01  0.00000e+00  1.00000e+01 -0.00000e+00 -0.00000e+00 -0.00000e+00  0.00000e+00  0.00000e+00 -0.00000e+00  0.00000e+00  0.00000e+00  0.00000e+00  5.93647e-06 -4.12926e-10  2.16918e-02  3.91744e-01
1.05505e+02 -1.49333e+01  1.60000e+01  0.00000e+00  1.00000e+01 -0.00000e+00 -0.00000e+00 -0.00000e+00  0.00000e+00  0.00000e+00 -0.00000e+00  0.00000e+00  0.00000e+00  0.00000e+00  5.86552e-06 -4.13277e-10  2.17695e-02  3.59365e-01
1.06004e+02  0.00000e+00  4.90000e+01  0.00000e+00  1.00000e+01 -0.00000e+00  0.00000e+00 -0.00000e+00  0.00000e+00  0.00000e+00 -0.00000e+00  0.00000e+00  0.00000e+00  0.00000e+00  5.79599e-06 -4.42682e-10  2.18424e-02  2.78670e-01
1.06506e+02  0.00000e+00  2.80000e+01  0.00000e+00  1.00000e+01 -0.00000e+00  0.00000e+00 -0.00000e+00  0.00000e+00  0.00000e+00 -0.00000e+00  0.00000e+00  0.00000e+00  0.00000e+00  5.72752e-06 -4.04190e-10  2.19176e-02  5.02476e-01
1.07004e+02  0.00000e+00  4.90000e+01  0.00000e+00  1.00000e+01 -0.00000e+00  0.00000e+00 -0.00000e+00  0.00000e+00  0.00000e+00 -0.00000e+00  0.00000e+00  0.00000e+00  0.00000e+00  5.66099e-06 -3.87697e-10  2.19991e-02  4.25155e-01
1.07503e+02  0.00000e+00  4.90000e+01  0.00000e+00  1.00000e+01 -0.00000e+00  0.00000e+00 -0.00000e+00  0.00000e+00  0.00000e+00 -0.00000e+00  0.00000e+00  0.00000e+00  0.00000e+00  5.59422e-06 -3.39573e-10  2.20767e-02  4.78150e-01
1.08005e+02  0.00000e+00  4.90000e+01  0.00000e+00  1.00000e+01 -0.00000e+00  0.00000e+00 -0.00000e+00  0.00000e+00  0.00000e+00 -0.00000e+00  0.00000e+00  0.00000e+00  0.00000e+00  5.52934e-06 -2.86512e-10  2.21591e-02  8.06047e-01
1.08504e+02  0.00000e+00  1.10000e+01  0.00000e+00  1.00000e+01 -0.00000e+00  0.00000e+00 -0.00000e+00  0.00000e+00  0.00000e+00 -0.00000e+00  0.00000e+00  0.00000e+00  0.00000e+00  5.46576e-06 -2.59201e-10  2.22381e-02  1.07446e+00
1.09003e+02  0.00000e+00  1.10000e+01  0.00000e+00  1.00000e+01 -0.00000e+00  0.00000e+00 -0.00000e+00  0.00000e+00  0.00000e+00 -0.00000e+00  0.00000e+00  0.00000e+00  0.00000e+00  5.40314e-06 -2.22731e-10  2.23208e-02 -1.32023e+00
1.09505e+02  0.00000e+00  1.10000e+01  0.00000e+00  1.00000e+01 -0.00000e+00  0.00000e+00 -0.00000e+00  0.00000e+00  0.00000e+00 -0.00000e+00  0.00000e+00  0.00000e+00  0.00000e+00  5.34155e-06 -1.84881e-10  2.24055e-02 -6.39030e-01
1.10004e+02  0.00000e+00  1.10000e+01  0.00000e+00  1.00000e+01 -0.00000e+00  0.00000e+00 -0.00000e+00  0.00000e+00  0.00000e+00 -0.00000e+00  0.00000e+00  0.00000e+00  0.00000e+00  5.28095e-06 -1.83982e-10  2.24919e-02 -1.05135e+00
1.10503e+02  0.00000e+00  1.10000e+01  0.00000e+00  1.00000e+01 -0.00000e+00  0.00000e+00 -0.00000e+00  0.00000e+00  0.00000e+00 -0.00000e+00  0.00000e+00  0.00000e+00  0.00000e+00  5.22155e-06 -1.34857e-10  2.25767e-02 -1.36217e-01
1.11005e+02  0.00000e+00  3.40000e+01  0.00000e+00  1.00000e+01 -0.00000e+00  0.00000e+00 -0.00000e+00  0.00000e+00  0.00000e+00 -0.00000e+00  0.00000e+00  0.00000e+00  0.00000e+00  5.16293e-06 -1.25810e-10  2.26700e-02 -1.51661e-01
1.11504e+02  0.00000e+00  2.30000e+01  0.00000e+00  5.00000e+00 -0.00000e+00  0.00000e+00 -0.00000e+00  0.00000e+00  0.00000e+00 -0.00000e+00  0.00000e+00  0.00000e+00  0.00000e+00  5.10560e-06 -1.19701e-10  2.27587e-02 -1.67442e-01
1.12006e+02  0.00000e+00  2.30000e+01  0.00000e+00  5.00000e+00 -0.00000e+00  0.00000e+00 -0.00000e+00  0.00000e+00  0.00000e+00 -0.00000e+00  0.00000e+00  0.00000e+00  0.00000e+00  5.04914e-06 -1.27885e-10  2.28487e-02 -2.60395e-01
1.12505e+02  0.00000e+00  2.30000e+01  0.00000e+00  5.00000e+00 -0.00000e+00  0.00000e+00 -0.00000e+00  0.00000e+00  0.00000e+00 -0.00000e+00  0.00000e+00  0.00000e+00  0.00000e+00  4.99393e-06 -1.40293e-10  2.29373e-02 -3.77743e-01
1.13004e+02  0.00000e+00  1.10000e+01  0.00000e+00  5.00000e+00 -0.00000e+00  0.00000e+00 -0.00000e+00  0.00000e+00  0.00000e+00 -0.00000e+00  0.00000e+00  0.00000e+00  0.00000e+00  4.93969e-06 -1.53634e-10  2.30276e-02 -7.97174e-01
1.13505e+02  0.00000e+00  2.90000e+01  0.00000e+00  5.00000e+00 -0.00000e+00  0.00000e+00 -0.00000e+00  0.00000e+00  0.00000e+00 -0.00000e+00  0.00000e+00  0.00000e+00  0.00000e+00  4.88533e-06 -1.63566e-10  2.31132e-02  2.45814e+00
1.14004e+02  0.00000e+00  3.40000e+01  0.00000e+00  8.00000e+00 -0.00000e+00  0.00000e+00 -0.00000e+00  0.00000e+00  0.00000e+00 -0.00000e+00  0.00000e+00  0.00000e+00  0.00000e+00  4.83233e-06 -1.71920e-10  2.32010e-02  5.93352e-01
1.14503e+02  0.00000e+00  3.40000e+01  0.00000e+00  8.00000e+00 -0.00000e+00  0.00000e+00 -0.00000e+00  0.00000e+00  0.00000e+00 -0.00000e+00  0.00000e+00  0.00000e+00  0.00000e+00  4.78095e-06 -1.81002e-10  2.32919e-02  5.53013e-01
1.15005e+02  8.39344e+00  2.30000e+01  0.00000e+00  8.00000e+00 -0.00000e+00  0.00000e+00 -0.00000e+00  0.00000e+00  0.00000e+00 -0.00000e+00  0.00000e+00  0.00000e+00  0.00000e+00  4.72915e-06 -1.60224e-10  2.33845e-02  3.26669e-01
1.15504e+02  3.83463e+00  2.30000e+01  0.00000e+00  8.00000e+00 -0.00000e+00  0.00000e+00 -0.00000e+00  0.00000e+00  0.00000e+00 -0.00000e+00  0.00000e+00  0.00000e+00  0.00000e+00  4.67922e-06 -1.54021e-10  2.34741e-02  2.46245e-01
1.16003e+02  3.00445e+00  2.30000e+01  0.00000e+00  8.00000e+00 -0.00000e+00  0.00000e+00 -0.00000e+00  0.00000e+00  0.00000e+00 -0.00000e+00  0.00000e+00  0.00000e+00  0.00000e+00  4.63023e-06 -1.29663e-10  2.35656e-02  1.16654e+00
1.16505e+02  3.46988e+00  2.30000e+01  0.00000e+00  8.00000e+00 -0.00000e+00  0.00000e+00 -0.00000e+00  0.00000e+00  0.00000e+00 -0.00000e+00  0.00000e+00  0.00000e+00  0.00000e+00  4.58184e-06 -8.99566e-11  2.36560e-02 -3.83796e-01
1.17004e+02  4.59195e+00  3.40000e+01  0.00000e+00  8.00000e+00 -0.00000e+00  0.00000e+00 -0.00000e+00  0.00000e+00  0.00000e+00 -0.00000e+00  0.00000e+00  0.00000e+00  0.00000e+00  4.53414e-06 -6.29032e-11  2.37566e-02 -1.84224e-01
1.17503e+02  6.77273e+00  3.40000e+01  0.00000e+00  8.00000e+00 -0.00000e+00  0.00000e+00 -0.00000e+00  0.00000e+00  0.00000e+00 -0.00000e+00  0.00000e+00  0.00000e+00  0.00000e+00  4.48668e-06 -5.66365e-11  2.38536e-02 -1.70361e-01
1.18005e+02  9.95833e+00  2.80000e+01  0.00000e+00  1.00000e+01 -0.00000e+00  0.00000e+00 -0.00000e+00  0.00000e+00  0.00000e+00 -0.00000e+00  0.00000e+00  0.00000e+00  0.00000e+00  4.44116e-06 -5.57387e-11  2.39534e-02 -3.21368e-01
1.18504e+02  1.21017e+01  3.40000e+01  0.00000e+00  1.00000e+01 -0.00000e+00  0.00000e+00 -0.00000e+00  0.00000e+00  0.00000e+00 -0.00000e+00  0.00000e+00  0.00000e+00  0.00000e+00  4.39546e-06 -6.28741e-11  2.40576e-02 -2.87913e+00
1.19003e+02  1.21017e+01  2.30000e+01  0.00000e+00  1.00000e+01 -0.00000e+00  0.00000e+00 -0.00000e+00  0.00000e+00  0.00000e+00 -0.00000e+00  0.00000e+00  0.00000e+00  0.00000e+00  4.35148e-06 -7.71018e-11  2.41574e-02 -2.58846e-01
1.19505e+02  8.73810e+00  2.30000e+01  0.00000e+00  1.00000e+01 -0.00000e+00  0.00000e+00 -0.00000e+00  0.00000e+00  0.00000e+00 -0.00000e+00  0.00000e+00  0.00000e+00  0.00000e+00  4.30653e-06 -8.98422e-11  2.42608e-02 -6.56457e-01
1.20004e+02  5.92248e+00  2.30000e+01  0.00000e+00  1.00000e+01 -0.00000e+00  0.00000e+00 -0.00000e+00  0.00000e+00  0.00000e+00 -0.00000e+00  0.00000e+00  0.00000e+00  0.00000e+00  4.26414e-06 -1.16350e-10  2.43624e-02 -5.65952e-01
1.20505e+02  4.52601e+00  3.40000e+01  0.00000e+00  1.00000e+01 -0.00000e+00  0.00000e+00 -0.00000e+00  0.00000e+00  0.00000e+00 -0.00000e+00  0.00000e+00  0.00000e+00  0.00000e+00  4.22121e-06 -1.70915e-10  2.44626e-02  5.43956e-01
1.21004e+02  3.86765e+00  3.40000e+01  0.00000e+00  1.00000e+01 -0.00000e+00  0.00000e+00 -0.00000e+00  0.00000e+00  0.00000e+00 -0.00000e+00  0.00000e+00  0.00000e+00  0.00000e+00  4.17903e-06 -2.08139e-10  2.45672e-02  2.92621e-01
1.21503e+02  3.36287e+00  2.30000e+01  0.00000e+00  1.00000e+01 -0.00000e+00  0.00000e+00 -0.00000e+00  0.00000e+00  0.00000e+00 -0.00000e+00  0.00000e+00  0.00000e+00  0.00000e+00  4.13768e-06 -2.19386e-10  2.46699e-02  3.49267e-01
1.22005e+02  2.70927e+00  2.30000e+01  0.00000e+00  8.00000e+00 -0.00000e+00  0.00000e+00 -0.00000e+00  0.00000e+00  0.00000e+00 -0.00000e+00  0.00000e+00  0.00000e+00  0.00000e+00  4.09769e-06 -2.52340e-10  2.47759e-02  3.36431e-01
1.22504e+02  2.15678e+00  2.30000e+01  0.00000e+00  8.00000e+00 -0.00000e+00  0.00000e+00 -0.00000e+00  0.00000e+00  0.00000e+00 -0.00000e+00  0.00000e+00  0.00000e+00  0.00000e+00  4.05712e-06 -2.74169e-10  2.48778e-02  7.15630e-01
1.23003e+02  0.00000e+00  2.30000e+01  0.00000e+00  8.00000e+00 -0.00000e+00  0.00000e+00 -0.00000e+00  0.00000e+00  0.00000e+00 -0.00000e+00  0.00000e+00  0.00000e+00  0.00000e+00  4.01825e-06 -3.51336e-10  2.49861e-02  2.63694e-01
1.23505e+02  0.00000e+00  2.30000e+01  0.00000e+00  8.00000e+00 -0.00000e+00  0.00000e+00 -0.00000e+00  0.00000e+00  0.00000e+00 -0.00000e+00  0.00000e+00  0.00000e+00  0.00000e+00  3.97939e-06 -3.69695e-10  2.50917e-02  3.02167e-01
1.24004e+02  0.00000e+00  1.60000e+01  0.00000e+00  8.00000e+00 -0.00000e+00  0.00000e+00 -0.00000e+00  0.00000e+00  0.00000e+00 -0.00000e+00  0.00000e+00  0.00000e+00  0.00000e+00  3.94177e-06 -3.52669e-10  2.51967e-02  2.90340e-01
1.24505e+02  0.00000e+00  2.30000e+01  0.00000e+00  1.00000e+01 -0.00000e+00  0.00000e+00 -0.00000e+00  0.00000e+00  0.00000e+00 -0.00000e+00  0.00000e+00  0.00000e+00  0.00000e+00  3.90363e-06 -3.68141e-10  2.53035e-02  2.57120e-01
1.25004e+02  0.00000e+00  2.30000e+01  0.00000e+00  1.00000e+01 -0.00000e+00  0.00000e+00 -0.00000e+00  0.00000e+00  0.00000e+00 -0.00000e+00  0.00000e+00  0.00000e+00  0.00000e+00  3.86625e-06 -3.65305e-10  2.54080e-02  2.76211e-01
1.25503e+02  0.00000e+00  2.30000e+01  0.00000e+00  1.00000e+01 -0.00000e+00  0.00000e+00 -0.00000e+00  0.00000e+00  0.00000e+00 -0.00000e+00  0.00000e+00  0.00000e+00  0.00000e+00  3.83001e-06 -3.41073e-10  2.55166e-02  4.14784e-01
1.26005e+02  0.00000e+00  2.30000e+01  0.00000e+00  1.00000e+01 -0.00000e+00  0.00000e+00 -0.00000e+00  0.00000e+00  0.00000e+00 -0.00000e+00  0.00000e+00  0.00000e+00  0.00000e+00  3.79439e-06 -3.44368e-10  2.56215e-02  3.44980e-01
1.26504e+02  0.00000e+00  2.30000e+01  0.00000e+00  1.00000e+01 -0.00000e+00  0.00000e+00 -0.00000e+00  0.00000e+00  0.00000e+00 -0.00000e+00  0.00000e+00  0.00000e+00  0.00000e+00  3.76030e-06 -3.27317e-10  2.57336e-02  3.31228e-01
1.27003e+02  0.00000e+00  2.30000e+01  0.00000e+00  1.00000e+01 -0.00000e+00  0.00000e+00 -0.00000e+00  0.00000e+00  0.00000e+00 -0.00000e+00  0.00000e+00  0.00000e+00  0.00000e+00  3.72524e-06 -2.94327e-10  2.58365e-02  4.61607e-01
1.27505e+02  0.00000e+00  2.30000e+01  0.00000e+00  1.00000e+01 -0.00000e+00  0.00000e+00 -0.00000e+00  0.00000e+00  0.00000e+00 -0.00000e+00  0.00000e+00  0.00000e+00  0.00000e+00  3.69041e-06 -2.43957e-10  2.59438e-02 -9.03463e-01
1.28005e+02  0.00000e+00  2.30000e+01  0.00000e+00  1.00000e+01 -0.00000e+00  0.00000e+00 -0.00000e+00  0.00000e+00  0.00000e+00 -0.00000e+00  0.00000e+00  0.00000e+00  0.00000e+00  3.65669e-06 -2.58522e-10  2.60454e-02  1.65849e+00
1.28504e+02  0.00000e+00  2.30000e+01  0.00000e+00  1.00000e+01 -0.00000e+00  0.00000e+00 -0.00000e+00  0.00000e+00  0.00000e+00 -0.00000e+00  0.00000e+00  0.00000e+00  0.00000e+00  3.62355e-06 -2.34073e-10  2.61517e-02 -4.08397e+01
1.29006e+02  0.00000e+00  2.30000e+01  0.00000e+00  1.00000e+01 -0.00000e+00  0.00000e+00 -0.00000e+00  0.00000e+00  0.00000e+00 -0.00000e+00  0.00000e+00  0.00000e+00  0.00000e+00  3.59040e-06 -2.08943e-10  2.62553e-02 -1.32079e+00
1.29505e+02  0.00000e+00  2.30000e+01  0.00000e+00  1.00000e+01 -0.00000e+00  0.00000e+00 -0.00000e+00  0.00000e+00  0.00000e+00 -0.00000e+00  0.00000e+00  0.00000e+00  0.00000e+00  3.55852e-06 -2.10767e-10  2.63535e-02 -8.40370e+00
1.30004e+02  0.00000e+00  2.30000e+01  0.00000e+00  1.00000e+01 -0.00000e+00  0.00000e+00 -0.00000e+00  0.00000e+00  0.00000e+00 -0.00000e+00  0.00000e+00  0.00000e+00  0.00000e+00  3.52691e-06 -2.08328e-10  2.64465e-02 -7.53103e+00
1.30503e+02  0.00000e+00  2.30000e+01  0.00000e+00  1.00000e+01 -0.00000e+00  0.00000e+00 -0.00000e+00  0.00000e+00  0.00000e+00 -0.00000e+00  0.00000e+00  0.00000e+00  0.00000e+00  3.49462e-06 -2.16352e-10  2.65341e-02 -3.01435e+00
1.31005e+02  2.95149e+00  2.30000e+01  0.00000e+00  1.00000e+01 -0.00000e+00 -0.00000e+00 -0.00000e+00  0.00000e+00  0.00000e+00 -0.00000e+00  0.00000e+00  0.00000e+00  0.00000e+00  3.46375e-06 -2.06060e-10  2.66159e-02 -9.80964e-01
1.31504e+02  2.87475e+00  2.30000e+01  0.00000e+00  1.00000e+01 -0.00000e+00 -0.00000e+00 -0.00000e+00  0.00000e+00  0.00000e+00 -0.00000e+00  0.00000e+00  0.00000e+00  0.00000e+00  3.43281e-06 -2.12383e-10  2.67027e-02 -8.41434e-01
1.32003e+02  2.78571e+00  2.30000e+01  0.00000e+00  1.00000e+01 -0.00000e+00 -0.00000e+00 -0.00000e+00  0.00000e+00  0.00000e+00 -0.00000e+00  0.00000e+00  0.00000e+00  0.00000e+00  3.40250e-06 -2.40301e-10  2.67863e-02  5.09095e-01
1.32505e+02  2.78367e+00  2.30000e+01  0.00000e+00  1.00000e+01 -0.00000e+00 -0.00000e+00 -0.00000e+00  0.00000e+00  0.00000e+00 -0.00000e+00  0.00000e+00  0.00000e+00  0.00000e+00  3.37224e-06 -2.32480e-10  2.68681e-02  1.38937e+00
1.33004e+02  2.76294e+00  2.30000e+01  0.00000e+00  1.00000e+01 -0.00000e+00 -0.00000e+00 -0.00000e+00  0.00000e+00  0.00000e+00 -0.00000e+00  0.00000e+00  0.00000e+00  0.00000e+00  3.34309e-06 -2.50993e-10  2.69433e-02  3.28859e+00
1.33504e+02  2.52902e+00  2.30000e+01  0.00000e+00  1.00000e+01 -0.00000e+00 -0.00000e+00 -0.00000e+00  0.00000e+00  0.00000e+00 -0.00000e+00  0.00000e+00  0.00000e+00  0.00000e+00  3.31318e-06 -3.12660e-10  2.70231e-02  4.27627e-01
1.34006e+02  8.79980e+00  2.30000e+01  0.00000e+00  1.00000e+01 -0.00000e+00 -0.00000e+00 -0.00000e+00  0.00000e+00  0.00000e+00 -0.00000e+00  0.00000e+00  0.00000e+00  0.00000e+00  3.28384e-06 -3.29817e-10  2.71079e-02  5.28842e-01
