     t         kpm        kmax       Hmax       ksec       Hsec        Hp         Hm         HHp       HHm        HH0      mu5rms    mu5rms_ts  mu5m_ts      EMag       HMag      xiMag      xiHel
1.00267e+00  9.82251e-01  2.60000e+01  0.00000e+00  2.30000e+01 -0.00000e+00 -0.00000e+00  0.00000e+00  0.00000e+00  0.00000e+00  0.00000e+00  0.00000e+00  0.00000e+00  0.00000e+00  7.41800e-03  3.56012e-06  2.25116e-02  2.66029e-02
1.50326e+00  9.81177e-01  2.60000e+01  0.00000e+00  2.30000e+01 -0.00000e+00 -0.00000e+00  0.00000e+00  0.00000e+00  0.00000e+00  0.00000e+00  0.00000e+00  0.00000e+00  0.00000e+00  6.21059e-03  3.55237e-06  2.38368e-02  2.82729e-02
2.00399e+00  9.81663e-01  2.60000e+01  0.00000e+00  2.30000e+01 -0.00000e+00 -0.00000e+00  0.00000e+00  0.00000e+00  0.00000e+00  0.00000e+00  0.00000e+00  0.00000e+00  0.00000e+00  5.48146e-03  3.54459e-06  2.46524e-02  2.95743e-02
2.50394e+00  9.89233e-01  2.60000e+01  0.00000e+00  2.30000e+01 -0.00000e+00 -0.00000e+00  0.00000e+00  0.00000e+00  0.00000e+00  0.00000e+00  0.00000e+00  0.00000e+00  0.00000e+00  4.96211e-03  3.54152e-06  2.52320e-02  3.06423e-02
3.00459e+00  9.99159e-01  2.60000e+01  0.00000e+00  2.30000e+01 -0.00000e+00 -0.00000e+00  0.00000e+00  0.00000e+00  0.00000e+00  0.00000e+00  0.00000e+00  0.00000e+00  0.00000e+00  4.56210e-03  3.53597e-06  2.57480e-02  3.15094e-02
3.50260e+00  0.00000e+00  2.60000e+01  0.00000e+00  2.30000e+01 -0.00000e+00  0.00000e+00  0.00000e+00  0.00000e+00  0.00000e+00  0.00000e+00  0.00000e+00  0.00000e+00  0.00000e+00  4.23697e-03  3.52850e-06  2.62378e-02  3.23013e-02
4.00441e+00  0.00000e+00  2.60000e+01  0.00000e+00  2.30000e+01 -0.00000e+00  0.00000e+00  0.00000e+00  0.00000e+00  0.00000e+00  0.00000e+00  0.00000e+00  0.00000e+00  0.00000e+00  3.96009e-03  3.52560e-06  2.67178e-02  3.31852e-02
4.50332e+00  0.00000e+00  2.60000e+01  0.00000e+00  2.30000e+01 -0.00000e+00  0.00000e+00  0.00000e+00  0.00000e+00  0.00000e+00  0.00000e+00  0.00000e+00  0.00000e+00  0.00000e+00  3.72278e-03  3.52182e-06  2.71921e-02  3.40555e-02
5.00458e+00  0.00000e+00  2.60000e+01  0.00000e+00  2.30000e+01 -0.00000e+00  0.00000e+00  0.00000e+00  0.00000e+00  0.00000e+00  0.00000e+00  0.00000e+00  0.00000e+00  0.00000e+00  3.51185e-03  3.51408e-06  2.76589e-02  3.49874e-02
5.50368e+00  1.91566e+00  2.60000e+01  0.00000e+00  2.30000e+01 -0.00000e+00  0.00000e+00  0.00000e+00  0.00000e+00  0.00000e+00  0.00000e+00  0.00000e+00  0.00000e+00  0.00000e+00  3.32444e-03  3.51163e-06  2.81187e-02  3.59031e-02
6.00377e+00  1.79169e+00  2.60000e+01  0.00000e+00  2.30000e+01 -0.00000e+00  0.00000e+00  0.00000e+00  0.00000e+00  0.00000e+00  0.00000e+00  0.00000e+00  0.00000e+00  0.00000e+00  3.15625e-03  3.50674e-06  2.85716e-02  3.68087e-02
6.50381e+00  1.62575e+00  2.60000e+01  0.00000e+00  2.30000e+01 -0.00000e+00  0.00000e+00  0.00000e+00  0.00000e+00  0.00000e+00  0.00000e+00  0.00000e+00  0.00000e+00  0.00000e+00  3.00284e-03  3.50447e-06  2.90166e-02  3.77012e-02
7.00466e+00  0.00000e+00  2.60000e+01  0.00000e+00  2.30000e+01 -0.00000e+00 -0.00000e+00  0.00000e+00  0.00000e+00  0.00000e+00  0.00000e+00  0.00000e+00  0.00000e+00  0.00000e+00  2.86280e-03  3.50131e-06  2.94592e-02  3.85322e-02
7.50302e+00  0.00000e+00  2.60000e+01  0.00000e+00  2.30000e+01 -0.00000e+00 -0.00000e+00  0.00000e+00  0.00000e+00  0.00000e+00  0.00000e+00  0.00000e+00  0.00000e+00  0.00000e+00  2.73455e-03  3.49688e-06  2.98958e-02  3.93200e-02
8.00430e+00  0.00000e+00  2.60000e+01  0.00000e+00  2.30000e+01 -0.00000e+00 -0.00000e+00  0.00000e+00  0.00000e+00  0.00000e+00  0.00000e+00  0.00000e+00  0.00000e+00  0.00000e+00  2.61637e-03  3.49318e-06  3.03273e-02  4.00897e-02
8.50423e+00  0.00000e+00  2.60000e+01  0.00000e+00  8.00000e+00 -0.00000e+00 -0.00000e+00  0.00000e+00  0.00000e+00  0.00000e+00  0.00000e+00  0.00000e+00  0.00000e+00  0.00000e+00  2.50729e-03  3.48933e-06  3.07567e-02  4.08268e-02
9.00259e+00  0.00000e+00  2.60000e+01  0.00000e+00  8.00000e+00 -0.00000e+00 -0.00000e+00  0.00000e+00  0.00000e+00  0.00000e+00  0.00000e+00  0.00000e+00  0.00000e+00  0.00000e+00  2.40518e-03  3.48668e-06  3.11817e-02  4.15202e-02
9.50303e+00  0.00000e+00  2.60000e+01  0.00000e+00  8.00000e+00 -0.00000e+00 -0.00000e+00  0.00000e+00  0.00000e+00  0.00000e+00  0.00000e+00  0.00000e+00  0.00000e+00  0.00000e+00  2.31092e-03  3.48558e-06  3.16000e-02  4.22422e-02
1.00046e+01  0.00000e+00  2.00000e+01  0.00000e+00  8.00000e+00 -0.00000e+00 -0.00000e+00  0.00000e+00  0.00000e+00  0.00000e+00  0.00000e+00  0.00000e+00  0.00000e+00  0.00000e+00  2.22215e-03  3.48058e-06  3.20178e-02  4.29387e-02
1.05048e+01  0.00000e+00  2.00000e+01  0.00000e+00  8.00000e+00 -0.00000e+00 -0.00000e+00  0.00000e+00  0.00000e+00  0.00000e+00  0.00000e+00  0.00000e+00  0.00000e+00  0.00000e+00  2.13932e-03  3.47840e-06  3.24350e-02  4.35799e-02
1.10031e+01  0.00000e+00  2.00000e+01  0.00000e+00  8.00000e+00 -0.00000e+00 -0.00000e+00  0.00000e+00  0.00000e+00  0.00000e+00  0.00000e+00  0.00000e+00  0.00000e+00  0.00000e+00  2.06290e-03  3.47605e-06  3.28403e-02  4.41706e-02
1.15033e+01  0.00000e+00  2.00000e+01  0.00000e+00  8.00000e+00 -0.00000e+00 -0.00000e+00  0.00000e+00  0.00000e+00  0.00000e+00  0.00000e+00  0.00000e+00  0.00000e+00  0.00000e+00  1.99060e-03  3.47381e-06  3.32496e-02  4.47402e-02
1.20030e+01  0.00000e+00  2.00000e+01  0.00000e+00  8.00000e+00 -0.00000e+00 -0.00000e+00  0.00000e+00  0.00000e+00  0.00000e+00  0.00000e+00  0.00000e+00  0.00000e+00  0.00000e+00  1.92195e-03  3.47309e-06  3.36526e-02  4.52566e-02
1.25030e+01  0.00000e+00  2.00000e+01  0.00000e+00  8.00000e+00 -0.00000e+00 -0.00000e+00  0.00000e+00  0.00000e+00  0.00000e+00  0.00000e+00  0.00000e+00  0.00000e+00  0.00000e+00  1.85802e-03  3.46796e-06  3.40538e-02  4.57293e-02
1.30045e+01  0.00000e+00  2.00000e+01  0.00000e+00  3.00000e+01 -0.00000e+00 -0.00000e+00  0.00000e+00  0.00000e+00  0.00000e+00  0.00000e+00  0.00000e+00  0.00000e+00  0.00000e+00  1.79718e-03  3.46566e-06  3.44537e-02  4.61859e-02
1.35045e+01  0.00000e+00  2.00000e+01  0.00000e+00  3.00000e+01 -0.00000e+00 -0.00000e+00  0.00000e+00  0.00000e+00  0.00000e+00  0.00000e+00  0.00000e+00  0.00000e+00  0.00000e+00  1.73989e-03  3.46478e-06  3.48478e-02  4.65754e-02
1.40026e+01  0.00000e+00  2.00000e+01  0.00000e+00  3.00000e+01 -0.00000e+00 -0.00000e+00  0.00000e+00  0.00000e+00  0.00000e+00  0.00000e+00  0.00000e+00  0.00000e+00  0.00000e+00  1.68624e-03  3.46235e-06  3.52411e-02  4.69435e-02
1.45046e+01  0.00000e+00  2.00000e+01  0.00000e+00  3.00000e+01 -0.00000e+00 -0.00000e+00  0.00000e+00  0.00000e+00  0.00000e+00  0.00000e+00  0.00000e+00  0.00000e+00  0.00000e+00  1.63444e-03  3.45821e-06  3.56311e-02  4.72652e-02
1.50043e+01  0.00000e+00  2.00000e+01  0.00000e+00  3.00000e+01 -0.00000e+00 -0.00000e+00  0.00000e+00  0.00000e+00  0.00000e+00  0.00000e+00  0.00000e+00  0.00000e+00  0.00000e+00  1.58592e-03  3.45550e-06  3.60141e-02  4.75714e-02
1.55028e+01  0.00000e+00  2.00000e+01  0.00000e+00  3.00000e+01 -0.00000e+00 -0.00000e+00  0.00000e+00  0.00000e+00  0.00000e+00  0.00000e+00  0.00000e+00  0.00000e+00  0.00000e+00  1.54013e-03  3.45549e-06  3.63920e-02  4.78644e-02
1.60042e+01  0.00000e+00  2.00000e+01  0.00000e+00  3.00000e+01 -0.00000e+00 -0.00000e+00  0.00000e+00  0.00000e+00  0.00000e+00  0.00000e+00  0.00000e+00  0.00000e+00  0.00000e+00  1.49604e-03  3.45374e-06  3.67681e-02  4.81581e-02
1.65031e+01  0.00000e+00  2.00000e+01  0.00000e+00  3.00000e+01 -0.00000e+00 -0.00000e+00  0.00000e+00  0.00000e+00  0.00000e+00  0.00000e+00  0.00000e+00  0.00000e+00  0.00000e+00  1.45413e-03  3.45294e-06  3.71425e-02  4.84716e-02
1.70036e+01  0.00000e+00  2.00000e+01  0.00000e+00  3.00000e+01 -0.00000e+00 -0.00000e+00  0.00000e+00  0.00000e+00  0.00000e+00  0.00000e+00  0.00000e+00  0.00000e+00  0.00000e+00  1.41473e-03  3.45066e-06  3.75202e-02  4.88017e-02
1.75049e+01  0.00000e+00  2.00000e+01  0.00000e+00  3.00000e+01 -0.00000e+00 -0.00000e+00  0.00000e+00  0.00000e+00  0.00000e+00  0.00000e+00  0.00000e+00  0.00000e+00  0.00000e+00  1.37660e-03  3.44823e-06  3.78818e-02  4.91369e-02
1.80046e+01  0.00000e+00  2.00000e+01  0.00000e+00  3.00000e+01 -0.00000e+00 -0.00000e+00  0.00000e+00  0.00000e+00  0.00000e+00  0.00000e+00  0.00000e+00  0.00000e+00  0.00000e+00  1.34065e-03  3.44566e-06  3.82524e-02  4.94935e-02
1.85043e+01  0.00000e+00  1.60000e+01  0.00000e+00  3.00000e+01 -0.00000e+00 -0.00000e+00  0.00000e+00  0.00000e+00  0.00000e+00  0.00000e+00  0.00000e+00  0.00000e+00  0.00000e+00  1.30619e-03  3.44363e-06  3.86162e-02  4.98757e-02
1.90026e+01  0.00000e+00  1.60000e+01  0.00000e+00  8.00000e+00 -0.00000e+00 -0.00000e+00  0.00000e+00  0.00000e+00  0.00000e+00  0.00000e+00  0.00000e+00  0.00000e+00  0.00000e+00  1.27318e-03  3.44166e-06  3.89670e-02  5.02934e-02
1.95027e+01  0.00000e+00  1.60000e+01  0.00000e+00  8.00000e+00 -0.00000e+00 -0.00000e+00  0.00000e+00  0.00000e+00  0.00000e+00  0.00000e+00  0.00000e+00  0.00000e+00  0.00000e+00  1.24154e-03  3.44079e-06  3.93213e-02  5.06987e-02
2.00041e+01  0.00000e+00  1.60000e+01  0.00000e+00  8.00000e+00 -0.00000e+00 -0.00000e+00  0.00000e+00  0.00000e+00  0.00000e+00  0.00000e+00  0.00000e+00  0.00000e+00  0.00000e+00  1.21153e-03  3.43992e-06  3.96811e-02  5.11183e-02
2.05043e+01  0.00000e+00  1.60000e+01  0.00000e+00  8.00000e+00 -0.00000e+00 -0.00000e+00  0.00000e+00  0.00000e+00  0.00000e+00  0.00000e+00  0.00000e+00  0.00000e+00  0.00000e+00  1.18251e-03  3.43798e-06  4.00262e-02  5.15464e-02
2.10042e+01  0.00000e+00  1.60000e+01  0.00000e+00  8.00000e+00 -0.00000e+00 -0.00000e+00  0.00000e+00  0.00000e+00  0.00000e+00  0.00000e+00  0.00000e+00  0.00000e+00  0.00000e+00  1.15503e-03  3.43411e-06  4.03681e-02  5.19948e-02
2.15048e+01  0.00000e+00  1.60000e+01  0.00000e+00  8.00000e+00 -0.00000e+00 -0.00000e+00  0.00000e+00  0.00000e+00  0.00000e+00  0.00000e+00  0.00000e+00  0.00000e+00  0.00000e+00  1.12820e-03  3.43428e-06  4.07191e-02  5.24449e-02
2.20035e+01  0.00000e+00  1.60000e+01  0.00000e+00  8.00000e+00 -0.00000e+00 -0.00000e+00  0.00000e+00  0.00000e+00  0.00000e+00  0.00000e+00  0.00000e+00  0.00000e+00  0.00000e+00  1.10225e-03  3.43195e-06  4.10573e-02  5.29075e-02
2.25028e+01  0.00000e+00  1.60000e+01  0.00000e+00  8.00000e+00 -0.00000e+00 -0.00000e+00  0.00000e+00  0.00000e+00  0.00000e+00  0.00000e+00  0.00000e+00  0.00000e+00  0.00000e+00  1.07776e-03  3.42810e-06  4.13966e-02  5.33821e-02
2.30038e+01  0.00000e+00  1.60000e+01  0.00000e+00  8.00000e+00 -0.00000e+00 -0.00000e+00  0.00000e+00  0.00000e+00  0.00000e+00  0.00000e+00  0.00000e+00  0.00000e+00  0.00000e+00  1.05404e-03  3.42820e-06  4.17279e-02  5.38785e-02
2.35036e+01  0.00000e+00  1.60000e+01  0.00000e+00  8.00000e+00 -0.00000e+00 -0.00000e+00  0.00000e+00  0.00000e+00  0.00000e+00  0.00000e+00  0.00000e+00  0.00000e+00  0.00000e+00  1.03153e-03  3.42805e-06  4.20672e-02  5.43868e-02
2.40028e+01  0.00000e+00  1.60000e+01  0.00000e+00  8.00000e+00 -0.00000e+00 -0.00000e+00  0.00000e+00  0.00000e+00  0.00000e+00  0.00000e+00  0.00000e+00  0.00000e+00  0.00000e+00  1.00947e-03  3.42353e-06  4.23885e-02  5.48990e-02
2.45036e+01  0.00000e+00  1.60000e+01  0.00000e+00  8.00000e+00 -0.00000e+00 -0.00000e+00  0.00000e+00  0.00000e+00  0.00000e+00  0.00000e+00  0.00000e+00  0.00000e+00  0.00000e+00  9.88466e-04  3.42211e-06  4.27299e-02  5.53907e-02
2.50042e+01  0.00000e+00  1.60000e+01  0.00000e+00  8.00000e+00 -0.00000e+00 -0.00000e+00  0.00000e+00  0.00000e+00  0.00000e+00  0.00000e+00  0.00000e+00  0.00000e+00  0.00000e+00  9.68158e-04  3.42125e-06  4.30484e-02  5.58929e-02
2.55040e+01  0.00000e+00  1.60000e+01  0.00000e+00  8.00000e+00 -0.00000e+00 -0.00000e+00  0.00000e+00  0.00000e+00  0.00000e+00  0.00000e+00  0.00000e+00  0.00000e+00  0.00000e+00  9.48154e-04  3.41901e-06  4.33787e-02  5.63740e-02
2.60050e+01  0.00000e+00  1.60000e+01  0.00000e+00  8.00000e+00 -0.00000e+00 -0.00000e+00  0.00000e+00  0.00000e+00  0.00000e+00  0.00000e+00  0.00000e+00  0.00000e+00  0.00000e+00  9.29360e-04  3.41927e-06  4.37052e-02  5.68571e-02
2.65039e+01  0.00000e+00  1.60000e+01  0.00000e+00  8.00000e+00 -0.00000e+00 -0.00000e+00  0.00000e+00  0.00000e+00  0.00000e+00  0.00000e+00  0.00000e+00  0.00000e+00  0.00000e+00  9.11332e-04  3.41613e-06  4.40147e-02  5.73395e-02
2.70043e+01  0.00000e+00  1.60000e+01  0.00000e+00  8.00000e+00 -0.00000e+00 -0.00000e+00  0.00000e+00  0.00000e+00  0.00000e+00  0.00000e+00  0.00000e+00  0.00000e+00  0.00000e+00  8.93592e-04  3.41526e-06  4.43269e-02  5.78094e-02
2.75039e+01  0.00000e+00  1.20000e+01  0.00000e+00  8.00000e+00 -0.00000e+00 -0.00000e+00  0.00000e+00  0.00000e+00  0.00000e+00  0.00000e+00  0.00000e+00  0.00000e+00  0.00000e+00  8.76381e-04  3.41544e-06  4.46399e-02  5.82775e-02
2.80046e+01  0.00000e+00  1.20000e+01  0.00000e+00  8.00000e+00 -0.00000e+00 -0.00000e+00  0.00000e+00  0.00000e+00  0.00000e+00  0.00000e+00  0.00000e+00  0.00000e+00  0.00000e+00  8.59952e-04  3.41050e-06  4.49632e-02  5.87285e-02
2.85050e+01  0.00000e+00  1.20000e+01  0.00000e+00  8.00000e+00 -0.00000e+00 -0.00000e+00  0.00000e+00  0.00000e+00  0.00000e+00  0.00000e+00  0.00000e+00  0.00000e+00  0.00000e+00  8.43871e-04  3.41015e-06  4.52683e-02  5.91823e-02
2.90048e+01  0.00000e+00  1.20000e+01  0.00000e+00  3.00000e+00 -0.00000e+00 -0.00000e+00  0.00000e+00  0.00000e+00  0.00000e+00  0.00000e+00  0.00000e+00  0.00000e+00  0.00000e+00  8.28501e-04  3.41023e-06  4.55739e-02  5.96302e-02
2.95031e+01  0.00000e+00  1.20000e+01  0.00000e+00  1.00000e+00 -0.00000e+00 -0.00000e+00  0.00000e+00  0.00000e+00  0.00000e+00  0.00000e+00  0.00000e+00  0.00000e+00  0.00000e+00  8.13591e-04  3.40837e-06  4.58766e-02  6.00584e-02
3.00037e+01  0.00000e+00  1.20000e+01  0.00000e+00  1.00000e+00 -0.00000e+00 -0.00000e+00  0.00000e+00  0.00000e+00  0.00000e+00  0.00000e+00  0.00000e+00  0.00000e+00  0.00000e+00  7.99064e-04  3.40536e-06  4.61859e-02  6.04734e-02
3.05033e+01  0.00000e+00  1.20000e+01  0.00000e+00  1.00000e+00 -0.00000e+00 -0.00000e+00  0.00000e+00  0.00000e+00  0.00000e+00  0.00000e+00  0.00000e+00  0.00000e+00  0.00000e+00  7.85226e-04  3.40626e-06  4.64870e-02  6.08990e-02
3.10029e+01  0.00000e+00  1.20000e+01  0.00000e+00  1.00000e+00 -0.00000e+00 -0.00000e+00  0.00000e+00  0.00000e+00  0.00000e+00  0.00000e+00  0.00000e+00  0.00000e+00  0.00000e+00  7.71593e-04  3.40570e-06  4.67815e-02  6.13155e-02
3.15043e+01  0.00000e+00  1.20000e+01  0.00000e+00  1.00000e+00 -0.00000e+00 -0.00000e+00  0.00000e+00  0.00000e+00  0.00000e+00  0.00000e+00  0.00000e+00  0.00000e+00  0.00000e+00  7.58085e-04  3.40293e-06  4.70880e-02  6.17041e-02
3.20027e+01  0.00000e+00  1.20000e+01  0.00000e+00  1.00000e+00 -0.00000e+00 -0.00000e+00  0.00000e+00  0.00000e+00  0.00000e+00  0.00000e+00  0.00000e+00  0.00000e+00  0.00000e+00  7.45376e-04  3.40241e-06  4.73757e-02  6.21164e-02
3.25034e+01  0.00000e+00  1.20000e+01  0.00000e+00  1.00000e+00 -0.00000e+00 -0.00000e+00  0.00000e+00  0.00000e+00  0.00000e+00  0.00000e+00  0.00000e+00  0.00000e+00  0.00000e+00  7.32964e-04  3.40023e-06  4.76633e-02  6.24927e-02
3.30027e+01  0.00000e+00  1.20000e+01  0.00000e+00  1.00000e+00 -0.00000e+00 -0.00000e+00  0.00000e+00  0.00000e+00  0.00000e+00  0.00000e+00  0.00000e+00  0.00000e+00  0.00000e+00  7.20826e-04  3.40073e-06  4.79620e-02  6.28972e-02
3.35040e+01  0.00000e+00  1.20000e+01  0.00000e+00  1.00000e+00 -0.00000e+00 -0.00000e+00  0.00000e+00  0.00000e+00  0.00000e+00  0.00000e+00  0.00000e+00  0.00000e+00  0.00000e+00  7.09058e-04  3.39823e-06  4.82536e-02  6.32775e-02
3.40038e+01  0.00000e+00  1.20000e+01  0.00000e+00  1.00000e+00 -0.00000e+00 -0.00000e+00  0.00000e+00  0.00000e+00  0.00000e+00  0.00000e+00  0.00000e+00  0.00000e+00  0.00000e+00  6.97738e-04  3.39741e-06  4.85424e-02  6.36616e-02
3.45040e+01  0.00000e+00  1.20000e+01  0.00000e+00  1.00000e+00 -0.00000e+00 -0.00000e+00  0.00000e+00  0.00000e+00  0.00000e+00  0.00000e+00  0.00000e+00  0.00000e+00  0.00000e+00  6.86518e-04  3.39711e-06  4.88248e-02  6.40580e-02
3.50051e+01  0.00000e+00  1.20000e+01  0.00000e+00  1.00000e+00 -0.00000e+00 -0.00000e+00  0.00000e+00  0.00000e+00  0.00000e+00  0.00000e+00  0.00000e+00  0.00000e+00  0.00000e+00  6.75832e-04  3.39455e-06  4.91182e-02  6.44426e-02
3.55047e+01  0.00000e+00  1.20000e+01  0.00000e+00  1.00000e+00 -0.00000e+00 -0.00000e+00  0.00000e+00  0.00000e+00  0.00000e+00  0.00000e+00  0.00000e+00  0.00000e+00  0.00000e+00  6.65240e-04  3.39424e-06  4.93833e-02  6.48033e-02
3.60051e+01  0.00000e+00  1.20000e+01  0.00000e+00  1.00000e+00 -0.00000e+00 -0.00000e+00  0.00000e+00  0.00000e+00  0.00000e+00  0.00000e+00  0.00000e+00  0.00000e+00  0.00000e+00  6.55161e-04  3.39147e-06  4.96735e-02  6.51793e-02
3.65048e+01  0.00000e+00  1.20000e+01  0.00000e+00  1.00000e+00 -0.00000e+00 -0.00000e+00  0.00000e+00  0.00000e+00  0.00000e+00  0.00000e+00  0.00000e+00  0.00000e+00  0.00000e+00  6.45108e-04  3.39176e-06  4.99448e-02  6.55615e-02
3.70047e+01  0.00000e+00  1.20000e+01  0.00000e+00  1.00000e+00 -0.00000e+00 -0.00000e+00  0.00000e+00  0.00000e+00  0.00000e+00  0.00000e+00  0.00000e+00  0.00000e+00  0.00000e+00  6.35636e-04  3.39167e-06  5.02313e-02  6.59356e-02
3.75053e+01  0.00000e+00  1.20000e+01  0.00000e+00  1.00000e+00 -0.00000e+00 -0.00000e+00  0.00000e+00  0.00000e+00  0.00000e+00  0.00000e+00  0.00000e+00  0.00000e+00  0.00000e+00  6.26177e-04  3.38985e-06  5.05102e-02  6.62906e-02
3.80032e+01  0.00000e+00  1.20000e+01  0.00000e+00  1.00000e+00 -0.00000e+00 -0.00000e+00  0.00000e+00  0.00000e+00  0.00000e+00  0.00000e+00  0.00000e+00  0.00000e+00  0.00000e+00  6.17259e-04  3.38829e-06  5.07849e-02  6.66394e-02
3.85050e+01  0.00000e+00  1.20000e+01  0.00000e+00  1.00000e+00 -0.00000e+00 -0.00000e+00  0.00000e+00  0.00000e+00  0.00000e+00  0.00000e+00  0.00000e+00  0.00000e+00  0.00000e+00  6.08089e-04  3.38556e-06  5.10535e-02  6.69848e-02
3.90044e+01  0.00000e+00  1.20000e+01  0.00000e+00  1.00000e+00 -0.00000e+00 -0.00000e+00  0.00000e+00  0.00000e+00  0.00000e+00  0.00000e+00  0.00000e+00  0.00000e+00  0.00000e+00  5.99314e-04  3.38524e-06  5.13188e-02  6.73290e-02
3.95047e+01  0.00000e+00  1.20000e+01  0.00000e+00  1.00000e+00 -0.00000e+00 -0.00000e+00  0.00000e+00  0.00000e+00  0.00000e+00  0.00000e+00  0.00000e+00  0.00000e+00  0.00000e+00  5.91140e-04  3.38432e-06  5.16009e-02  6.76662e-02
4.00041e+01  0.00000e+00  1.20000e+01  0.00000e+00  1.00000e+00 -0.00000e+00 -0.00000e+00  0.00000e+00  0.00000e+00  0.00000e+00  0.00000e+00  0.00000e+00  0.00000e+00  0.00000e+00  5.82673e-04  3.38373e-06  5.18620e-02  6.79993e-02
4.05045e+01  0.00000e+00  1.20000e+01  0.00000e+00  1.00000e+00 -0.00000e+00 -0.00000e+00  0.00000e+00  0.00000e+00  0.00000e+00  0.00000e+00  0.00000e+00  0.00000e+00  0.00000e+00  5.74740e-04  3.38378e-06  5.21332e-02  6.83322e-02
4.10052e+01  0.00000e+00  1.20000e+01  0.00000e+00  1.00000e+00 -0.00000e+00 -0.00000e+00  0.00000e+00  0.00000e+00  0.00000e+00  0.00000e+00  0.00000e+00  0.00000e+00  0.00000e+00  5.67181e-04  3.38129e-06  5.24094e-02  6.86371e-02
4.15052e+01  0.00000e+00  1.20000e+01  0.00000e+00  1.00000e+00 -0.00000e+00 -0.00000e+00  0.00000e+00  0.00000e+00  0.00000e+00  0.00000e+00  0.00000e+00  0.00000e+00  0.00000e+00  5.59334e-04  3.38040e-06  5.26664e-02  6.89580e-02
4.20052e+01  0.00000e+00  1.20000e+01  0.00000e+00  1.00000e+00 -0.00000e+00 -0.00000e+00  0.00000e+00  0.00000e+00  0.00000e+00  0.00000e+00  0.00000e+00  0.00000e+00  0.00000e+00  5.51784e-04  3.38011e-06  5.29211e-02  6.92673e-02
4.25035e+01  0.00000e+00  1.20000e+01  0.00000e+00  1.00000e+00 -0.00000e+00 -0.00000e+00  0.00000e+00  0.00000e+00  0.00000e+00  0.00000e+00  0.00000e+00  0.00000e+00  0.00000e+00  5.44620e-04  3.37826e-06  5.31921e-02  6.95600e-02
4.30051e+01  0.00000e+00  1.20000e+01  0.00000e+00  1.00000e+00 -0.00000e+00 -0.00000e+00  0.00000e+00  0.00000e+00  0.00000e+00  0.00000e+00  0.00000e+00  0.00000e+00  0.00000e+00  5.37480e-04  3.37900e-06  5.34497e-02  6.98632e-02
4.35051e+01  0.00000e+00  1.20000e+01  0.00000e+00  1.00000e+00 -0.00000e+00 -0.00000e+00  0.00000e+00  0.00000e+00  0.00000e+00  0.00000e+00  0.00000e+00  0.00000e+00  0.00000e+00  5.30599e-04  3.37595e-06  5.37080e-02  7.01669e-02
4.40028e+01  0.00000e+00  1.20000e+01  0.00000e+00  1.00000e+00 -0.00000e+00 -0.00000e+00  0.00000e+00  0.00000e+00  0.00000e+00  0.00000e+00  0.00000e+00  0.00000e+00  0.00000e+00  5.23970e-04  3.37631e-06  5.39689e-02  7.04748e-02
4.45052e+01  0.00000e+00  1.20000e+01  0.00000e+00  1.00000e+00 -0.00000e+00 -0.00000e+00  0.00000e+00  0.00000e+00  0.00000e+00  0.00000e+00  0.00000e+00  0.00000e+00  0.00000e+00  5.17151e-04  3.37426e-06  5.42220e-02  7.07718e-02
4.50052e+01  0.00000e+00  1.20000e+01  0.00000e+00  1.00000e+00 -0.00000e+00 -0.00000e+00  0.00000e+00  0.00000e+00  0.00000e+00  0.00000e+00  0.00000e+00  0.00000e+00  0.00000e+00  5.10690e-04  3.37410e-06  5.44847e-02  7.10889e-02
4.55048e+01  0.00000e+00  1.20000e+01  0.00000e+00  1.00000e+00 -0.00000e+00 -0.00000e+00  0.00000e+00  0.00000e+00  0.00000e+00  0.00000e+00  0.00000e+00  0.00000e+00  0.00000e+00  5.04456e-04  3.37251e-06  5.47328e-02  7.13739e-02
4.60041e+01  0.00000e+00  1.20000e+01  0.00000e+00  1.00000e+00 -0.00000e+00 -0.00000e+00  0.00000e+00  0.00000e+00  0.00000e+00  0.00000e+00  0.00000e+00  0.00000e+00  0.00000e+00  4.98362e-04  3.37090e-06  5.49916e-02  7.16747e-02
4.65051e+01  0.00000e+00  1.20000e+01  0.00000e+00  1.00000e+00 -0.00000e+00 -0.00000e+00  0.00000e+00  0.00000e+00  0.00000e+00  0.00000e+00  0.00000e+00  0.00000e+00  0.00000e+00  4.92089e-04  3.37088e-06  5.52295e-02  7.19598e-02
4.70049e+01  0.00000e+00  1.20000e+01  0.00000e+00  1.00000e+00 -0.00000e+00 -0.00000e+00  0.00000e+00  0.00000e+00  0.00000e+00  0.00000e+00  0.00000e+00  0.00000e+00  0.00000e+00  4.86271e-04  3.36896e-06  5.54925e-02  7.22565e-02
4.75048e+01  0.00000e+00  1.20000e+01  0.00000e+00  1.00000e+00 -0.00000e+00 -0.00000e+00  0.00000e+00  0.00000e+00  0.00000e+00  0.00000e+00  0.00000e+00  0.00000e+00  0.00000e+00  4.80361e-04  3.37052e-06  5.57291e-02  7.25442e-02
4.80036e+01  0.00000e+00  1.20000e+01  0.00000e+00  1.00000e+00 -0.00000e+00 -0.00000e+00  0.00000e+00  0.00000e+00  0.00000e+00  0.00000e+00  0.00000e+00  0.00000e+00  0.00000e+00  4.74880e-04  3.36990e-06  5.59874e-02  7.28285e-02
4.85045e+01  0.00000e+00  1.20000e+01  0.00000e+00  1.00000e+00 -0.00000e+00 -0.00000e+00  0.00000e+00  0.00000e+00  0.00000e+00  0.00000e+00  0.00000e+00  0.00000e+00  0.00000e+00  4.69233e-04  3.36767e-06  5.62258e-02  7.31071e-02
4.90049e+01  0.00000e+00  1.20000e+01  0.00000e+00  1.00000e+00 -0.00000e+00 -0.00000e+00  0.00000e+00  0.00000e+00  0.00000e+00  0.00000e+00  0.00000e+00  0.00000e+00  0.00000e+00  4.63825e-04  3.36671e-06  5.64682e-02  7.33926e-02
4.95039e+01  0.00000e+00  1.20000e+01  0.00000e+00  1.00000e+00 -0.00000e+00 -0.00000e+00  0.00000e+00  0.00000e+00  0.00000e+00  0.00000e+00  0.00000e+00  0.00000e+00  0.00000e+00  4.58430e-04  3.36519e-06  5.66974e-02  7.36693e-02
5.00041e+01  0.00000e+00  1.20000e+01  0.00000e+00  1.00000e+00 -0.00000e+00 -0.00000e+00  0.00000e+00  0.00000e+00  0.00000e+00  0.00000e+00  0.00000e+00  0.00000e+00  0.00000e+00  4.53176e-04  3.36493e-06  5.69570e-02  7.39428e-02
5.05050e+01  0.00000e+00  1.20000e+01  0.00000e+00  1.00000e+00 -0.00000e+00 -0.00000e+00  0.00000e+00  0.00000e+00  0.00000e+00  0.00000e+00  0.00000e+00  0.00000e+00  0.00000e+00  4.48000e-04  3.36310e-06  5.71950e-02  7.41995e-02
5.10036e+01  0.00000e+00  1.20000e+01  0.00000e+00  1.00000e+00 -0.00000e+00 -0.00000e+00  0.00000e+00  0.00000e+00  0.00000e+00  0.00000e+00  0.00000e+00  0.00000e+00  0.00000e+00  4.43253e-04  3.36557e-06  5.74351e-02  7.44770e-02
5.15032e+01  0.00000e+00  1.20000e+01  0.00000e+00  1.00000e+00 -0.00000e+00 -0.00000e+00  0.00000e+00  0.00000e+00  0.00000e+00  0.00000e+00  0.00000e+00  0.00000e+00  0.00000e+00  4.38229e-04  3.36093e-06  5.76722e-02  7.47270e-02
5.20051e+01  0.00000e+00  1.20000e+01  0.00000e+00  1.00000e+00 -0.00000e+00 -0.00000e+00  0.00000e+00  0.00000e+00  0.00000e+00  0.00000e+00  0.00000e+00  0.00000e+00  0.00000e+00  4.33383e-04  3.36185e-06  5.79264e-02  7.49914e-02
5.25044e+01  0.00000e+00  1.20000e+01  0.00000e+00  1.00000e+00 -0.00000e+00 -0.00000e+00  0.00000e+00  0.00000e+00  0.00000e+00  0.00000e+00  0.00000e+00  0.00000e+00  0.00000e+00  4.28816e-04  3.36061e-06  5.81638e-02  7.52443e-02
5.30040e+01  0.00000e+00  1.20000e+01  0.00000e+00  1.00000e+00 -0.00000e+00 -0.00000e+00  0.00000e+00  0.00000e+00  0.00000e+00  0.00000e+00  0.00000e+00  0.00000e+00  0.00000e+00  4.24058e-04  3.36149e-06  5.83997e-02  7.55175e-02
5.35045e+01  0.00000e+00  1.20000e+01  0.00000e+00  1.00000e+00 -0.00000e+00 -0.00000e+00  0.00000e+00  0.00000e+00  0.00000e+00  0.00000e+00  0.00000e+00  0.00000e+00  0.00000e+00  4.19686e-04  3.35993e-06  5.86287e-02  7.57858e-02
5.40029e+01  0.00000e+00  1.20000e+01  0.00000e+00  1.00000e+00 -0.00000e+00 -0.00000e+00  0.00000e+00  0.00000e+00  0.00000e+00  0.00000e+00  0.00000e+00  0.00000e+00  0.00000e+00  4.15018e-04  3.35924e-06  5.88573e-02  7.60539e-02
5.45037e+01  0.00000e+00  1.20000e+01  0.00000e+00  1.00000e+00 -0.00000e+00 -0.00000e+00  0.00000e+00  0.00000e+00  0.00000e+00  0.00000e+00  0.00000e+00  0.00000e+00  0.00000e+00  4.10772e-04  3.35702e-06  5.90992e-02  7.63250e-02
5.50036e+01  0.00000e+00  1.20000e+01  0.00000e+00  1.00000e+00 -0.00000e+00 -0.00000e+00  0.00000e+00  0.00000e+00  0.00000e+00  0.00000e+00  0.00000e+00  0.00000e+00  0.00000e+00  4.06492e-04  3.35754e-06  5.93134e-02  7.66052e-02
5.55038e+01  0.00000e+00  1.20000e+01  0.00000e+00  1.00000e+00 -0.00000e+00 -0.00000e+00  0.00000e+00  0.00000e+00  0.00000e+00  0.00000e+00  0.00000e+00  0.00000e+00  0.00000e+00  4.02309e-04  3.35524e-06  5.95567e-02  7.68731e-02
5.60034e+01  0.00000e+00  1.20000e+01  0.00000e+00  1.00000e+00 -0.00000e+00 -0.00000e+00  0.00000e+00  0.00000e+00  0.00000e+00  0.00000e+00  0.00000e+00  0.00000e+00  0.00000e+00  3.98319e-04  3.35535e-06  5.97770e-02  7.71430e-02
5.65046e+01  0.00000e+00  1.20000e+01  0.00000e+00  1.00000e+00 -0.00000e+00 -0.00000e+00  0.00000e+00  0.00000e+00  0.00000e+00  0.00000e+00  0.00000e+00  0.00000e+00  0.00000e+00  3.94057e-04  3.35435e-06  5.99967e-02  7.74075e-02
5.70031e+01  0.00000e+00  1.20000e+01  0.00000e+00  1.00000e+00 -0.00000e+00 -0.00000e+00  0.00000e+00  0.00000e+00  0.00000e+00  0.00000e+00  0.00000e+00  0.00000e+00  0.00000e+00  3.90291e-04  3.35546e-06  6.02372e-02  7.76730e-02
5.75030e+01  0.00000e+00  1.20000e+01  0.00000e+00  1.00000e+00 -0.00000e+00 -0.00000e+00  0.00000e+00  0.00000e+00  0.00000e+00  0.00000e+00  0.00000e+00  0.00000e+00  0.00000e+00  3.86343e-04  3.35245e-06  6.04636e-02  7.79148e-02
5.80027e+01  0.00000e+00  1.20000e+01  0.00000e+00  1.00000e+00 -0.00000e+00 -0.00000e+00  0.00000e+00  0.00000e+00  0.00000e+00  0.00000e+00  0.00000e+00  0.00000e+00  0.00000e+00  3.82509e-04  3.35261e-06  6.06739e-02  7.81697e-02
5.85037e+01  0.00000e+00  1.20000e+01  0.00000e+00  1.00000e+00 -0.00000e+00 -0.00000e+00  0.00000e+00  0.00000e+00  0.00000e+00  0.00000e+00  0.00000e+00  0.00000e+00  0.00000e+00  3.78931e-04  3.34982e-06  6.09169e-02  7.84285e-02
5.90029e+01  0.00000e+00  1.20000e+01  0.00000e+00  1.00000e+00 -0.00000e+00 -0.00000e+00  0.00000e+00  0.00000e+00  0.00000e+00  0.00000e+00  0.00000e+00  0.00000e+00  0.00000e+00  3.75168e-04  3.34891e-06  6.11290e-02  7.86917e-02
5.95044e+01  0.00000e+00  1.20000e+01  0.00000e+00  1.00000e+00 -0.00000e+00 -0.00000e+00  0.00000e+00  0.00000e+00  0.00000e+00  0.00000e+00  0.00000e+00  0.00000e+00  0.00000e+00  3.71577e-04  3.34826e-06  6.13450e-02  7.89487e-02
6.00035e+01  0.00000e+00  1.20000e+01  0.00000e+00  1.00000e+00 -0.00000e+00 -0.00000e+00  0.00000e+00  0.00000e+00  0.00000e+00  0.00000e+00  0.00000e+00  0.00000e+00  0.00000e+00  3.68108e-04  3.34907e-06  6.15823e-02  7.92053e-02
6.05033e+01  0.00000e+00  1.20000e+01  0.00000e+00  1.00000e+00 -0.00000e+00 -0.00000e+00  0.00000e+00  0.00000e+00  0.00000e+00  0.00000e+00  0.00000e+00  0.00000e+00  0.00000e+00  3.64688e-04  3.34621e-06  6.17964e-02  7.94512e-02
6.10033e+01  0.00000e+00  1.20000e+01  0.00000e+00  1.00000e+00 -0.00000e+00 -0.00000e+00  0.00000e+00  0.00000e+00  0.00000e+00  0.00000e+00  0.00000e+00  0.00000e+00  0.00000e+00  3.61127e-04  3.34735e-06  6.19992e-02  7.97292e-02
6.15027e+01  0.00000e+00  1.20000e+01  0.00000e+00  1.00000e+00 -0.00000e+00 -0.00000e+00  0.00000e+00  0.00000e+00  0.00000e+00  0.00000e+00  0.00000e+00  0.00000e+00  0.00000e+00  3.57731e-04  3.34641e-06  6.22441e-02  7.99895e-02
6.20051e+01  0.00000e+00  1.20000e+01  0.00000e+00  1.00000e+00 -0.00000e+00 -0.00000e+00  0.00000e+00  0.00000e+00  0.00000e+00  0.00000e+00  0.00000e+00  0.00000e+00  0.00000e+00  3.54744e-04  3.34413e-06  6.24531e-02  8.02357e-02
6.25051e+01  0.00000e+00  1.20000e+01  0.00000e+00  1.00000e+00 -0.00000e+00 -0.00000e+00  0.00000e+00  0.00000e+00  0.00000e+00  0.00000e+00  0.00000e+00  0.00000e+00  0.00000e+00  3.51270e-04  3.34638e-06  6.26672e-02  8.04820e-02
6.30034e+01  0.00000e+00  1.20000e+01  0.00000e+00  1.00000e+00 -0.00000e+00 -0.00000e+00  0.00000e+00  0.00000e+00  0.00000e+00  0.00000e+00  0.00000e+00  0.00000e+00  0.00000e+00  3.48049e-04  3.34492e-06  6.28700e-02  8.07593e-02
6.35040e+01  0.00000e+00  1.20000e+01  0.00000e+00  1.00000e+00 -0.00000e+00 -0.00000e+00  0.00000e+00  0.00000e+00  0.00000e+00  0.00000e+00  0.00000e+00  0.00000e+00  0.00000e+00  3.44807e-04  3.34329e-06  6.30935e-02  8.09797e-02
6.40050e+01  0.00000e+00  1.20000e+01  0.00000e+00  1.00000e+00 -0.00000e+00 -0.00000e+00  0.00000e+00  0.00000e+00  0.00000e+00  0.00000e+00  0.00000e+00  0.00000e+00  0.00000e+00  3.41991e-04  3.34349e-06  6.33093e-02  8.12644e-02
6.45030e+01  0.00000e+00  1.20000e+01  0.00000e+00  1.00000e+00 -0.00000e+00 -0.00000e+00  0.00000e+00  0.00000e+00  0.00000e+00  0.00000e+00  0.00000e+00  0.00000e+00  0.00000e+00  3.38781e-04  3.33999e-06  6.35069e-02  8.14975e-02
6.50035e+01  0.00000e+00  1.20000e+01  0.00000e+00  1.00000e+00 -0.00000e+00 -0.00000e+00  0.00000e+00  0.00000e+00  0.00000e+00  0.00000e+00  0.00000e+00  0.00000e+00  0.00000e+00  3.35721e-04  3.34281e-06  6.37299e-02  8.17628e-02
6.55035e+01  0.00000e+00  1.20000e+01  0.00000e+00  1.00000e+00 -0.00000e+00 -0.00000e+00  0.00000e+00  0.00000e+00  0.00000e+00  0.00000e+00  0.00000e+00  0.00000e+00  0.00000e+00  3.32965e-04  3.34185e-06  6.39433e-02  8.20065e-02
6.60033e+01  0.00000e+00  1.20000e+01  0.00000e+00  1.00000e+00 -0.00000e+00 -0.00000e+00  0.00000e+00  0.00000e+00  0.00000e+00  0.00000e+00  0.00000e+00  0.00000e+00  0.00000e+00  3.30061e-04  3.34088e-06  6.41462e-02  8.22601e-02
6.65045e+01  0.00000e+00  1.20000e+01  0.00000e+00  1.00000e+00 -0.00000e+00 -0.00000e+00  0.00000e+00  0.00000e+00  0.00000e+00  0.00000e+00  0.00000e+00  0.00000e+00  0.00000e+00  3.26980e-04  3.33902e-06  6.43531e-02  8.24936e-02
6.70040e+01  0.00000e+00  1.20000e+01  0.00000e+00  1.00000e+00 -0.00000e+00 -0.00000e+00  0.00000e+00  0.00000e+00  0.00000e+00  0.00000e+00  0.00000e+00  0.00000e+00  0.00000e+00  3.24374e-04  3.33949e-06  6.45728e-02  8.27487e-02
6.75047e+01  0.00000e+00  1.20000e+01  0.00000e+00  1.00000e+00 -0.00000e+00 -0.00000e+00  0.00000e+00  0.00000e+00  0.00000e+00  0.00000e+00  0.00000e+00  0.00000e+00  0.00000e+00  3.21630e-04  3.33806e-06  6.47696e-02  8.30088e-02
6.80053e+01  0.00000e+00  1.20000e+01  0.00000e+00  1.00000e+00 -0.00000e+00 -0.00000e+00  0.00000e+00  0.00000e+00  0.00000e+00  0.00000e+00  0.00000e+00  0.00000e+00  0.00000e+00  3.18634e-04  3.33845e-06  6.49631e-02  8.32571e-02
6.85052e+01  0.00000e+00  1.20000e+01  0.00000e+00  1.00000e+00 -0.00000e+00 -0.00000e+00  0.00000e+00  0.00000e+00  0.00000e+00  0.00000e+00  0.00000e+00  0.00000e+00  0.00000e+00  3.16053e-04  3.33800e-06  6.51845e-02  8.35014e-02
6.90050e+01  0.00000e+00  1.20000e+01  0.00000e+00  1.00000e+00 -0.00000e+00 -0.00000e+00  0.00000e+00  0.00000e+00  0.00000e+00  0.00000e+00  0.00000e+00  0.00000e+00  0.00000e+00  3.13513e-04  3.33685e-06  6.53872e-02  8.37497e-02
6.95035e+01  0.00000e+00  1.20000e+01  0.00000e+00  1.00000e+00 -0.00000e+00 -0.00000e+00  0.00000e+00  0.00000e+00  0.00000e+00  0.00000e+00  0.00000e+00  0.00000e+00  0.00000e+00  3.10723e-04  3.33349e-06  6.55706e-02  8.40079e-02
7.00052e+01  0.00000e+00  1.20000e+01  0.00000e+00  1.00000e+00 -0.00000e+00 -0.00000e+00  0.00000e+00  0.00000e+00  0.00000e+00  0.00000e+00  0.00000e+00  0.00000e+00  0.00000e+00  3.08217e-04  3.33515e-06  6.57793e-02  8.42665e-02
7.05040e+01  0.00000e+00  9.00000e+00  0.00000e+00  1.00000e+00 -0.00000e+00 -0.00000e+00  0.00000e+00  0.00000e+00  0.00000e+00  0.00000e+00  0.00000e+00  0.00000e+00  0.00000e+00  3.05851e-04  3.33489e-06  6.59749e-02  8.45228e-02
7.10038e+01  0.00000e+00  9.00000e+00  0.00000e+00  1.00000e+00 -0.00000e+00 -0.00000e+00  0.00000e+00  0.00000e+00  0.00000e+00  0.00000e+00  0.00000e+00  0.00000e+00  0.00000e+00  3.03437e-04  3.33472e-06  6.62025e-02  8.47789e-02
7.15051e+01  0.00000e+00  9.00000e+00  0.00000e+00  1.00000e+00 -0.00000e+00 -0.00000e+00  0.00000e+00  0.00000e+00  0.00000e+00  0.00000e+00  0.00000e+00  0.00000e+00  0.00000e+00  3.00762e-04  3.33154e-06  6.63770e-02  8.50331e-02
7.20045e+01  0.00000e+00  9.00000e+00  0.00000e+00  1.00000e+00 -0.00000e+00 -0.00000e+00  0.00000e+00  0.00000e+00  0.00000e+00  0.00000e+00  0.00000e+00  0.00000e+00  0.00000e+00  2.98326e-04  3.33237e-06  6.65713e-02  8.53066e-02
7.25051e+01  0.00000e+00  9.00000e+00  0.00000e+00  1.00000e+00 -0.00000e+00 -0.00000e+00  0.00000e+00  0.00000e+00  0.00000e+00  0.00000e+00  0.00000e+00  0.00000e+00  0.00000e+00  2.96163e-04  3.33432e-06  6.68036e-02  8.55690e-02
7.30031e+01  0.00000e+00  9.00000e+00  0.00000e+00  1.00000e+00 -0.00000e+00 -0.00000e+00  0.00000e+00  0.00000e+00  0.00000e+00  0.00000e+00  0.00000e+00  0.00000e+00  0.00000e+00  2.93718e-04  3.33136e-06  6.69832e-02  8.58462e-02
7.35048e+01  0.00000e+00  9.00000e+00  0.00000e+00  1.00000e+00 -0.00000e+00 -0.00000e+00  0.00000e+00  0.00000e+00  0.00000e+00  0.00000e+00  0.00000e+00  0.00000e+00  0.00000e+00  2.91597e-04  3.33154e-06  6.71881e-02  8.61094e-02
7.40045e+01  0.00000e+00  9.00000e+00  0.00000e+00  1.00000e+00 -0.00000e+00 -0.00000e+00  0.00000e+00  0.00000e+00  0.00000e+00  0.00000e+00  0.00000e+00  0.00000e+00  0.00000e+00  2.89239e-04  3.33160e-06  6.73811e-02  8.64061e-02
7.45048e+01  0.00000e+00  9.00000e+00  0.00000e+00  1.00000e+00 -0.00000e+00 -0.00000e+00  0.00000e+00  0.00000e+00  0.00000e+00  0.00000e+00  0.00000e+00  0.00000e+00  0.00000e+00  2.86839e-04  3.32997e-06  6.75591e-02  8.66566e-02
7.50041e+01  0.00000e+00  9.00000e+00  0.00000e+00  1.00000e+00 -0.00000e+00 -0.00000e+00  0.00000e+00  0.00000e+00  0.00000e+00  0.00000e+00  0.00000e+00  0.00000e+00  0.00000e+00  2.84794e-04  3.32849e-06  6.77712e-02  8.69418e-02
7.55031e+01  0.00000e+00  9.00000e+00  0.00000e+00  1.00000e+00 -0.00000e+00 -0.00000e+00  0.00000e+00  0.00000e+00  0.00000e+00  0.00000e+00  0.00000e+00  0.00000e+00  0.00000e+00  2.82597e-04  3.33000e-06  6.79676e-02  8.72118e-02
7.60027e+01  0.00000e+00  9.00000e+00  0.00000e+00  1.00000e+00 -0.00000e+00 -0.00000e+00  0.00000e+00  0.00000e+00  0.00000e+00  0.00000e+00  0.00000e+00  0.00000e+00  0.00000e+00  2.80375e-04  3.32829e-06  6.81552e-02  8.74856e-02
7.65028e+01  0.00000e+00  9.00000e+00  0.00000e+00  1.00000e+00 -0.00000e+00 -0.00000e+00  0.00000e+00  0.00000e+00  0.00000e+00  0.00000e+00  0.00000e+00  0.00000e+00  0.00000e+00  2.78233e-04  3.32604e-06  6.83545e-02  8.77621e-02
7.70049e+01  0.00000e+00  9.00000e+00  0.00000e+00  1.00000e+00 -0.00000e+00 -0.00000e+00  0.00000e+00  0.00000e+00  0.00000e+00  0.00000e+00  0.00000e+00  0.00000e+00  0.00000e+00  2.76103e-04  3.32653e-06  6.85301e-02  8.80406e-02
7.75038e+01  0.00000e+00  9.00000e+00  0.00000e+00  1.00000e+00 -0.00000e+00 -0.00000e+00  0.00000e+00  0.00000e+00  0.00000e+00  0.00000e+00  0.00000e+00  0.00000e+00  0.00000e+00  2.74113e-04  3.32530e-06  6.87448e-02  8.83136e-02
7.80051e+01  0.00000e+00  9.00000e+00  0.00000e+00  1.00000e+00 -0.00000e+00 -0.00000e+00  0.00000e+00  0.00000e+00  0.00000e+00  0.00000e+00  0.00000e+00  0.00000e+00  0.00000e+00  2.72113e-04  3.32621e-06  6.89414e-02  8.85971e-02
7.85041e+01  0.00000e+00  9.00000e+00  0.00000e+00  1.00000e+00 -0.00000e+00 -0.00000e+00  0.00000e+00  0.00000e+00  0.00000e+00  0.00000e+00  0.00000e+00  0.00000e+00  0.00000e+00  2.70028e-04  3.32326e-06  6.91187e-02  8.88495e-02
7.90029e+01  0.00000e+00  9.00000e+00  0.00000e+00  1.00000e+00 -0.00000e+00 -0.00000e+00  0.00000e+00  0.00000e+00  0.00000e+00  0.00000e+00  0.00000e+00  0.00000e+00  0.00000e+00  2.68202e-04  3.32473e-06  6.93263e-02  8.91121e-02
7.95042e+01  0.00000e+00  9.00000e+00  0.00000e+00  1.00000e+00 -0.00000e+00 -0.00000e+00  0.00000e+00  0.00000e+00  0.00000e+00  0.00000e+00  0.00000e+00  0.00000e+00  0.00000e+00  2.66109e-04  3.32402e-06  6.94918e-02  8.93996e-02
8.00036e+01  0.00000e+00  9.00000e+00  0.00000e+00  1.00000e+00 -0.00000e+00 -0.00000e+00  0.00000e+00  0.00000e+00  0.00000e+00  0.00000e+00  0.00000e+00  0.00000e+00  0.00000e+00  2.64237e-04  3.32141e-06  6.96917e-02  8.96550e-02
8.05051e+01  0.00000e+00  9.00000e+00  0.00000e+00  1.00000e+00 -0.00000e+00 -0.00000e+00  0.00000e+00  0.00000e+00  0.00000e+00  0.00000e+00  0.00000e+00  0.00000e+00  0.00000e+00  2.62372e-04  3.32191e-06  6.98880e-02  8.99246e-02
8.10029e+01  0.00000e+00  9.00000e+00  0.00000e+00  1.00000e+00 -0.00000e+00 -0.00000e+00  0.00000e+00  0.00000e+00  0.00000e+00  0.00000e+00  0.00000e+00  0.00000e+00  0.00000e+00  2.60395e-04  3.32110e-06  7.00682e-02  9.01834e-02
8.15037e+01  0.00000e+00  9.00000e+00  0.00000e+00  1.00000e+00 -0.00000e+00 -0.00000e+00  0.00000e+00  0.00000e+00  0.00000e+00  0.00000e+00  0.00000e+00  0.00000e+00  0.00000e+00  2.58626e-04  3.31893e-06  7.02518e-02  9.04204e-02
8.20052e+01  0.00000e+00  9.00000e+00  0.00000e+00  1.00000e+00 -0.00000e+00 -0.00000e+00  0.00000e+00  0.00000e+00  0.00000e+00  0.00000e+00  0.00000e+00  0.00000e+00  0.00000e+00  2.56601e-04  3.32010e-06  7.04379e-02  9.07022e-02
8.25048e+01  0.00000e+00  9.00000e+00  0.00000e+00  1.00000e+00 -0.00000e+00 -0.00000e+00  0.00000e+00  0.00000e+00  0.00000e+00  0.00000e+00  0.00000e+00  0.00000e+00  0.00000e+00  2.54813e-04  3.32065e-06  7.06335e-02  9.09557e-02
8.30045e+01  0.00000e+00  9.00000e+00  0.00000e+00  1.00000e+00 -0.00000e+00 -0.00000e+00  0.00000e+00  0.00000e+00  0.00000e+00  0.00000e+00  0.00000e+00  0.00000e+00  0.00000e+00  2.52964e-04  3.31966e-06  7.08087e-02  9.12059e-02
8.35047e+01  0.00000e+00  9.00000e+00  0.00000e+00  1.00000e+00 -0.00000e+00 -0.00000e+00  0.00000e+00  0.00000e+00  0.00000e+00  0.00000e+00  0.00000e+00  0.00000e+00  0.00000e+00  2.51363e-04  3.31798e-06  7.10104e-02  9.14462e-02
8.40034e+01  0.00000e+00  9.00000e+00  0.00000e+00  1.00000e+00 -0.00000e+00 -0.00000e+00  0.00000e+00  0.00000e+00  0.00000e+00  0.00000e+00  0.00000e+00  0.00000e+00  0.00000e+00  2.49666e-04  3.31953e-06  7.11816e-02  9.17135e-02
8.45036e+01  0.00000e+00  9.00000e+00  0.00000e+00  1.00000e+00 -0.00000e+00 -0.00000e+00  0.00000e+00  0.00000e+00  0.00000e+00  0.00000e+00  0.00000e+00  0.00000e+00  0.00000e+00  2.47962e-04  3.31840e-06  7.13728e-02  9.19565e-02
8.50046e+01  0.00000e+00  9.00000e+00  0.00000e+00  1.00000e+00 -0.00000e+00 -0.00000e+00  0.00000e+00  0.00000e+00  0.00000e+00  0.00000e+00  0.00000e+00  0.00000e+00  0.00000e+00  2.46439e-04  3.31794e-06  7.15775e-02  9.22027e-02
8.55049e+01  0.00000e+00  9.00000e+00  0.00000e+00  1.00000e+00 -0.00000e+00 -0.00000e+00  0.00000e+00  0.00000e+00  0.00000e+00  0.00000e+00  0.00000e+00  0.00000e+00  0.00000e+00  2.44693e-04  3.31776e-06  7.17551e-02  9.24611e-02
8.60036e+01  0.00000e+00  9.00000e+00  0.00000e+00  1.00000e+00 -0.00000e+00 -0.00000e+00  0.00000e+00  0.00000e+00  0.00000e+00  0.00000e+00  0.00000e+00  0.00000e+00  0.00000e+00  2.43073e-04  3.31670e-06  7.19336e-02  9.26780e-02
8.65028e+01  0.00000e+00  9.00000e+00  0.00000e+00  1.00000e+00 -0.00000e+00 -0.00000e+00  0.00000e+00  0.00000e+00  0.00000e+00  0.00000e+00  0.00000e+00  0.00000e+00  0.00000e+00  2.41363e-04  3.31510e-06  7.21169e-02  9.29084e-02
8.70043e+01  0.00000e+00  9.00000e+00  0.00000e+00  1.00000e+00 -0.00000e+00 -0.00000e+00  0.00000e+00  0.00000e+00  0.00000e+00  0.00000e+00  0.00000e+00  0.00000e+00  0.00000e+00  2.39651e-04  3.31400e-06  7.22860e-02  9.31390e-02
8.75040e+01  0.00000e+00  9.00000e+00  0.00000e+00  1.00000e+00 -0.00000e+00 -0.00000e+00  0.00000e+00  0.00000e+00  0.00000e+00  0.00000e+00  0.00000e+00  0.00000e+00  0.00000e+00  2.38066e-04  3.31423e-06  7.24672e-02  9.33879e-02
8.80048e+01  0.00000e+00  9.00000e+00  0.00000e+00  1.00000e+00 -0.00000e+00 -0.00000e+00  0.00000e+00  0.00000e+00  0.00000e+00  0.00000e+00  0.00000e+00  0.00000e+00  0.00000e+00  2.36549e-04  3.31381e-06  7.26479e-02  9.36220e-02
8.85040e+01  0.00000e+00  9.00000e+00  0.00000e+00  1.00000e+00 -0.00000e+00 -0.00000e+00  0.00000e+00  0.00000e+00  0.00000e+00  0.00000e+00  0.00000e+00  0.00000e+00  0.00000e+00  2.34881e-04  3.31445e-06  7.28128e-02  9.38527e-02
8.90028e+01  0.00000e+00  9.00000e+00  0.00000e+00  1.00000e+00 -0.00000e+00 -0.00000e+00  0.00000e+00  0.00000e+00  0.00000e+00  0.00000e+00  0.00000e+00  0.00000e+00  0.00000e+00  2.33466e-04  3.31199e-06  7.30180e-02  9.40913e-02
8.95028e+01  0.00000e+00  9.00000e+00  0.00000e+00  1.00000e+00 -0.00000e+00 -0.00000e+00  0.00000e+00  0.00000e+00  0.00000e+00  0.00000e+00  0.00000e+00  0.00000e+00  0.00000e+00  2.31861e-04  3.31199e-06  7.31796e-02  9.43162e-02
9.00053e+01  0.00000e+00  9.00000e+00  0.00000e+00  1.00000e+00 -0.00000e+00 -0.00000e+00  0.00000e+00  0.00000e+00  0.00000e+00  0.00000e+00  0.00000e+00  0.00000e+00  0.00000e+00  2.30585e-04  3.31161e-06  7.33766e-02  9.45506e-02
9.05029e+01  0.00000e+00  9.00000e+00  0.00000e+00  1.00000e+00 -0.00000e+00 -0.00000e+00  0.00000e+00  0.00000e+00  0.00000e+00  0.00000e+00  0.00000e+00  0.00000e+00  0.00000e+00  2.29106e-04  3.31163e-06  7.35558e-02  9.47782e-02
9.10031e+01  0.00000e+00  9.00000e+00  0.00000e+00  1.00000e+00 -0.00000e+00 -0.00000e+00  0.00000e+00  0.00000e+00  0.00000e+00  0.00000e+00  0.00000e+00  0.00000e+00  0.00000e+00  2.27570e-04  3.31185e-06  7.37112e-02  9.50224e-02
9.15035e+01  0.00000e+00  9.00000e+00  0.00000e+00  1.00000e+00 -0.00000e+00 -0.00000e+00  0.00000e+00  0.00000e+00  0.00000e+00  0.00000e+00  0.00000e+00  0.00000e+00  0.00000e+00  2.26020e-04  3.31120e-06  7.38767e-02  9.52487e-02
9.20037e+01  0.00000e+00  9.00000e+00  0.00000e+00  1.00000e+00 -0.00000e+00 -0.00000e+00  0.00000e+00  0.00000e+00  0.00000e+00  0.00000e+00  0.00000e+00  0.00000e+00  0.00000e+00  2.24804e-04  3.30855e-06  7.40714e-02  9.54613e-02
9.25028e+01  0.00000e+00  9.00000e+00  0.00000e+00  1.00000e+00 -0.00000e+00 -0.00000e+00  0.00000e+00  0.00000e+00  0.00000e+00  0.00000e+00  0.00000e+00  0.00000e+00  0.00000e+00  2.23270e-04  3.30998e-06  7.42331e-02  9.57174e-02
9.30036e+01  0.00000e+00  9.00000e+00  0.00000e+00  1.00000e+00 -0.00000e+00 -0.00000e+00  0.00000e+00  0.00000e+00  0.00000e+00  0.00000e+00  0.00000e+00  0.00000e+00  0.00000e+00  2.21919e-04  3.30966e-06  7.44155e-02  9.59573e-02
9.35036e+01  0.00000e+00  9.00000e+00  0.00000e+00  1.00000e+00 -0.00000e+00 -0.00000e+00  0.00000e+00  0.00000e+00  0.00000e+00  0.00000e+00  0.00000e+00  0.00000e+00  0.00000e+00  2.20533e-04  3.30742e-06  7.45917e-02  9.61896e-02
9.40042e+01  0.00000e+00  9.00000e+00  0.00000e+00  1.00000e+00 -0.00000e+00 -0.00000e+00  0.00000e+00  0.00000e+00  0.00000e+00  0.00000e+00  0.00000e+00  0.00000e+00  0.00000e+00  2.19223e-04  3.30738e-06  7.47876e-02  9.64226e-02
9.45040e+01  0.00000e+00  9.00000e+00  0.00000e+00  1.00000e+00 -0.00000e+00 -0.00000e+00  0.00000e+00  0.00000e+00  0.00000e+00  0.00000e+00  0.00000e+00  0.00000e+00  0.00000e+00  2.17797e-04  3.30725e-06  7.49229e-02  9.66604e-02
9.50037e+01  0.00000e+00  9.00000e+00  0.00000e+00  1.00000e+00 -0.00000e+00 -0.00000e+00  0.00000e+00  0.00000e+00  0.00000e+00  0.00000e+00  0.00000e+00  0.00000e+00  0.00000e+00  2.16520e-04  3.30743e-06  7.51241e-02  9.68911e-02
9.55041e+01  0.00000e+00  9.00000e+00  0.00000e+00  1.00000e+00 -0.00000e+00 -0.00000e+00  0.00000e+00  0.00000e+00  0.00000e+00  0.00000e+00  0.00000e+00  0.00000e+00  0.00000e+00  2.15110e-04  3.30631e-06  7.52770e-02  9.71285e-02
9.60046e+01  0.00000e+00  9.00000e+00  0.00000e+00  1.00000e+00 -0.00000e+00 -0.00000e+00  0.00000e+00  0.00000e+00  0.00000e+00  0.00000e+00  0.00000e+00  0.00000e+00  0.00000e+00  2.13900e-04  3.30642e-06  7.54671e-02  9.73642e-02
9.65040e+01  0.00000e+00  9.00000e+00  0.00000e+00  1.00000e+00 -0.00000e+00 -0.00000e+00  0.00000e+00  0.00000e+00  0.00000e+00  0.00000e+00  0.00000e+00  0.00000e+00  0.00000e+00  2.12683e-04  3.30616e-06  7.56366e-02  9.75754e-02
9.70049e+01  0.00000e+00  9.00000e+00  0.00000e+00  1.00000e+00 -0.00000e+00 -0.00000e+00  0.00000e+00  0.00000e+00  0.00000e+00  0.00000e+00  0.00000e+00  0.00000e+00  0.00000e+00  2.11373e-04  3.30660e-06  7.58235e-02  9.78148e-02
9.75032e+01  0.00000e+00  9.00000e+00  0.00000e+00  1.00000e+00 -0.00000e+00 -0.00000e+00  0.00000e+00  0.00000e+00  0.00000e+00  0.00000e+00  0.00000e+00  0.00000e+00  0.00000e+00  2.10150e-04  3.30605e-06  7.59664e-02  9.80424e-02
9.80046e+01  0.00000e+00  9.00000e+00  0.00000e+00  1.00000e+00 -0.00000e+00 -0.00000e+00  0.00000e+00  0.00000e+00  0.00000e+00  0.00000e+00  0.00000e+00  0.00000e+00  0.00000e+00  2.08911e-04  3.30383e-06  7.61467e-02  9.82825e-02
9.85038e+01  0.00000e+00  9.00000e+00  0.00000e+00  1.00000e+00 -0.00000e+00 -0.00000e+00  0.00000e+00  0.00000e+00  0.00000e+00  0.00000e+00  0.00000e+00  0.00000e+00  0.00000e+00  2.07545e-04  3.30234e-06  7.63098e-02  9.85064e-02
9.90031e+01  0.00000e+00  9.00000e+00  0.00000e+00  1.00000e+00 -0.00000e+00 -0.00000e+00  0.00000e+00  0.00000e+00  0.00000e+00  0.00000e+00  0.00000e+00  0.00000e+00  0.00000e+00  2.06533e-04  3.30406e-06  7.64962e-02  9.87524e-02
9.95046e+01  0.00000e+00  9.00000e+00  0.00000e+00  1.00000e+00 -0.00000e+00 -0.00000e+00  0.00000e+00  0.00000e+00  0.00000e+00  0.00000e+00  0.00000e+00  0.00000e+00  0.00000e+00  2.05207e-04  3.30215e-06  7.66559e-02  9.89553e-02
1.00004e+02  0.00000e+00  9.00000e+00  0.00000e+00  1.00000e+00 -0.00000e+00 -0.00000e+00  0.00000e+00  0.00000e+00  0.00000e+00  0.00000e+00  0.00000e+00  0.00000e+00  0.00000e+00  2.04048e-04  3.30286e-06  7.68122e-02  9.91962e-02
1.00505e+02  0.00000e+00  9.00000e+00  0.00000e+00  1.00000e+00 -0.00000e+00 -0.00000e+00  0.00000e+00  0.00000e+00  0.00000e+00  0.00000e+00  0.00000e+00  0.00000e+00  0.00000e+00  2.02830e-04  3.30085e-06  7.69868e-02  9.94067e-02
1.01004e+02  0.00000e+00  9.00000e+00  0.00000e+00  1.00000e+00 -0.00000e+00 -0.00000e+00  0.00000e+00  0.00000e+00  0.00000e+00  0.00000e+00  0.00000e+00  0.00000e+00  0.00000e+00  2.01673e-04  3.30180e-06  7.71581e-02  9.96454e-02
1.01503e+02  0.00000e+00  9.00000e+00  0.00000e+00  1.00000e+00 -0.00000e+00 -0.00000e+00  0.00000e+00  0.00000e+00  0.00000e+00  0.00000e+00  0.00000e+00  0.00000e+00  0.00000e+00  2.00602e-04  3.29999e-06  7.73352e-02  9.98544e-02
1.02005e+02  0.00000e+00  9.00000e+00  0.00000e+00  1.00000e+00 -0.00000e+00 -0.00000e+00  0.00000e+00  0.00000e+00  0.00000e+00  0.00000e+00  0.00000e+00  0.00000e+00  0.00000e+00  1.99458e-04  3.30079e-06  7.75155e-02  1.00091e-01
1.02503e+02  0.00000e+00  9.00000e+00  0.00000e+00  1.00000e+00 -0.00000e+00 -0.00000e+00  0.00000e+00  0.00000e+00  0.00000e+00  0.00000e+00  0.00000e+00  0.00000e+00  0.00000e+00  1.98209e-04  3.29969e-06  7.76486e-02  1.00317e-01
1.03003e+02  0.00000e+00  9.00000e+00  0.00000e+00  1.00000e+00 -0.00000e+00 -0.00000e+00  0.00000e+00  0.00000e+00  0.00000e+00  0.00000e+00  0.00000e+00  0.00000e+00  0.00000e+00  1.97314e-04  3.30159e-06  7.78406e-02  1.00545e-01
1.03504e+02  0.00000e+00  9.00000e+00  0.00000e+00  1.00000e+00 -0.00000e+00 -0.00000e+00  0.00000e+00  0.00000e+00  0.00000e+00  0.00000e+00  0.00000e+00  0.00000e+00  0.00000e+00  1.96051e-04  3.29968e-06  7.79931e-02  1.00749e-01
1.04004e+02  0.00000e+00  9.00000e+00  0.00000e+00  1.00000e+00 -0.00000e+00 -0.00000e+00  0.00000e+00  0.00000e+00  0.00000e+00  0.00000e+00  0.00000e+00  0.00000e+00  0.00000e+00  1.94958e-04  3.29969e-06  7.81722e-02  1.00992e-01
1.04504e+02  0.00000e+00  9.00000e+00  0.00000e+00  1.00000e+00 -0.00000e+00 -0.00000e+00  0.00000e+00  0.00000e+00  0.00000e+00  0.00000e+00  0.00000e+00  0.00000e+00  0.00000e+00  1.93923e-04  3.29959e-06  7.83298e-02  1.01226e-01
1.05003e+02  0.00000e+00  9.00000e+00  0.00000e+00  1.00000e+00 -0.00000e+00 -0.00000e+00  0.00000e+00  0.00000e+00  0.00000e+00  0.00000e+00  0.00000e+00  0.00000e+00  0.00000e+00  1.92871e-04  3.29980e-06  7.84882e-02  1.01458e-01
1.05504e+02  0.00000e+00  9.00000e+00  0.00000e+00  1.00000e+00 -0.00000e+00 -0.00000e+00  0.00000e+00  0.00000e+00  0.00000e+00  0.00000e+00  0.00000e+00  0.00000e+00  0.00000e+00  1.91812e-04  3.29790e-06  7.86499e-02  1.01676e-01
1.06004e+02  0.00000e+00  9.00000e+00  0.00000e+00  1.00000e+00 -0.00000e+00 -0.00000e+00  0.00000e+00  0.00000e+00  0.00000e+00  0.00000e+00  0.00000e+00  0.00000e+00  0.00000e+00  1.90798e-04  3.29721e-06  7.88243e-02  1.01899e-01
1.06503e+02  0.00000e+00  9.00000e+00  0.00000e+00  1.00000e+00 -0.00000e+00 -0.00000e+00  0.00000e+00  0.00000e+00  0.00000e+00  0.00000e+00  0.00000e+00  0.00000e+00  0.00000e+00  1.89750e-04  3.29628e-06  7.89820e-02  1.02125e-01
1.07005e+02  0.00000e+00  9.00000e+00  0.00000e+00  1.00000e+00 -0.00000e+00 -0.00000e+00  0.00000e+00  0.00000e+00  0.00000e+00  0.00000e+00  0.00000e+00  0.00000e+00  0.00000e+00  1.88719e-04  3.29739e-06  7.91417e-02  1.02371e-01
1.07505e+02  0.00000e+00  9.00000e+00  0.00000e+00  1.00000e+00 -0.00000e+00 -0.00000e+00  0.00000e+00  0.00000e+00  0.00000e+00  0.00000e+00  0.00000e+00  0.00000e+00  0.00000e+00  1.87611e-04  3.29479e-06  7.92949e-02  1.02577e-01
1.08004e+02  0.00000e+00  9.00000e+00  0.00000e+00  1.00000e+00 -0.00000e+00 -0.00000e+00  0.00000e+00  0.00000e+00  0.00000e+00  0.00000e+00  0.00000e+00  0.00000e+00  0.00000e+00  1.86691e-04  3.29723e-06  7.94734e-02  1.02813e-01
1.08505e+02  0.00000e+00  9.00000e+00  0.00000e+00  1.00000e+00 -0.00000e+00 -0.00000e+00  0.00000e+00  0.00000e+00  0.00000e+00  0.00000e+00  0.00000e+00  0.00000e+00  0.00000e+00  1.85742e-04  3.29337e-06  7.96416e-02  1.03042e-01
1.09004e+02  0.00000e+00  9.00000e+00  0.00000e+00  1.00000e+00 -0.00000e+00 -0.00000e+00  0.00000e+00  0.00000e+00  0.00000e+00  0.00000e+00  0.00000e+00  0.00000e+00  0.00000e+00  1.84644e-04  3.29472e-06  7.97887e-02  1.03291e-01
1.09505e+02  0.00000e+00  9.00000e+00  0.00000e+00  1.00000e+00 -0.00000e+00 -0.00000e+00  0.00000e+00  0.00000e+00  0.00000e+00  0.00000e+00  0.00000e+00  0.00000e+00  0.00000e+00  1.83761e-04  3.29421e-06  7.99503e-02  1.03517e-01
1.10005e+02  0.00000e+00  9.00000e+00  0.00000e+00  1.00000e+00 -0.00000e+00 -0.00000e+00  0.00000e+00  0.00000e+00  0.00000e+00  0.00000e+00  0.00000e+00  0.00000e+00  0.00000e+00  1.82688e-04  3.29237e-06  8.01011e-02  1.03742e-01
1.10504e+02  0.00000e+00  9.00000e+00  0.00000e+00  1.00000e+00 -0.00000e+00 -0.00000e+00  0.00000e+00  0.00000e+00  0.00000e+00  0.00000e+00  0.00000e+00  0.00000e+00  0.00000e+00  1.81829e-04  3.29301e-06  8.02797e-02  1.03956e-01
1.11004e+02  0.00000e+00  9.00000e+00  0.00000e+00  1.00000e+00 -0.00000e+00 -0.00000e+00  0.00000e+00  0.00000e+00  0.00000e+00  0.00000e+00  0.00000e+00  0.00000e+00  0.00000e+00  1.80901e-04  3.29234e-06  8.04338e-02  1.04187e-01
1.11503e+02  0.00000e+00  9.00000e+00  0.00000e+00  1.00000e+00 -0.00000e+00 -0.00000e+00  0.00000e+00  0.00000e+00  0.00000e+00  0.00000e+00  0.00000e+00  0.00000e+00  0.00000e+00  1.79884e-04  3.29161e-06  8.05795e-02  1.04426e-01
1.12004e+02  0.00000e+00  9.00000e+00  0.00000e+00  1.00000e+00 -0.00000e+00 -0.00000e+00  0.00000e+00  0.00000e+00  0.00000e+00  0.00000e+00  0.00000e+00  0.00000e+00  0.00000e+00  1.79018e-04  3.29208e-06  8.07422e-02  1.04641e-01
1.12505e+02  0.00000e+00  9.00000e+00  0.00000e+00  1.00000e+00 -0.00000e+00 -0.00000e+00  0.00000e+00  0.00000e+00  0.00000e+00  0.00000e+00  0.00000e+00  0.00000e+00  0.00000e+00  1.78111e-04  3.29267e-06  8.09202e-02  1.04864e-01
1.13004e+02  0.00000e+00  9.00000e+00  0.00000e+00  1.00000e+00 -0.00000e+00 -0.00000e+00  0.00000e+00  0.00000e+00  0.00000e+00  0.00000e+00  0.00000e+00  0.00000e+00  0.00000e+00  1.77264e-04  3.28919e-06  8.10719e-02  1.05100e-01
1.13504e+02  0.00000e+00  9.00000e+00  0.00000e+00  1.00000e+00 -0.00000e+00 -0.00000e+00  0.00000e+00  0.00000e+00  0.00000e+00  0.00000e+00  0.00000e+00  0.00000e+00  0.00000e+00  1.76270e-04  3.29193e-06  8.12189e-02  1.05330e-01
1.14004e+02  0.00000e+00  9.00000e+00  0.00000e+00  1.00000e+00 -0.00000e+00 -0.00000e+00  0.00000e+00  0.00000e+00  0.00000e+00  0.00000e+00  0.00000e+00  0.00000e+00  0.00000e+00  1.75304e-04  3.28930e-06  8.13636e-02  1.05533e-01
1.14504e+02  0.00000e+00  9.00000e+00  0.00000e+00  1.00000e+00 -0.00000e+00 -0.00000e+00  0.00000e+00  0.00000e+00  0.00000e+00  0.00000e+00  0.00000e+00  0.00000e+00  0.00000e+00  1.74553e-04  3.28999e-06  8.15372e-02  1.05744e-01
1.15004e+02  0.00000e+00  9.00000e+00  0.00000e+00  1.00000e+00 -0.00000e+00 -0.00000e+00  0.00000e+00  0.00000e+00  0.00000e+00  0.00000e+00  0.00000e+00  0.00000e+00  0.00000e+00  1.73625e-04  3.28861e-06  8.16979e-02  1.05993e-01
1.15504e+02  0.00000e+00  9.00000e+00  0.00000e+00  1.00000e+00 -0.00000e+00 -0.00000e+00  0.00000e+00  0.00000e+00  0.00000e+00  0.00000e+00  0.00000e+00  0.00000e+00  0.00000e+00  1.72854e-04  3.28733e-06  8.18750e-02  1.06193e-01
1.16005e+02  0.00000e+00  9.00000e+00  0.00000e+00  1.00000e+00 -0.00000e+00 -0.00000e+00  0.00000e+00  0.00000e+00  0.00000e+00  0.00000e+00  0.00000e+00  0.00000e+00  0.00000e+00  1.71829e-04  3.28810e-06  8.20048e-02  1.06411e-01
1.16505e+02  0.00000e+00  9.00000e+00  0.00000e+00  1.00000e+00 -0.00000e+00 -0.00000e+00  0.00000e+00  0.00000e+00  0.00000e+00  0.00000e+00  0.00000e+00  0.00000e+00  0.00000e+00  1.71015e-04  3.28987e-06  8.21687e-02  1.06619e-01
1.17005e+02  0.00000e+00  9.00000e+00  0.00000e+00  1.00000e+00 -0.00000e+00 -0.00000e+00  0.00000e+00  0.00000e+00  0.00000e+00  0.00000e+00  0.00000e+00  0.00000e+00  0.00000e+00  1.70198e-04  3.28749e-06  8.23253e-02  1.06853e-01
1.17505e+02  0.00000e+00  9.00000e+00  0.00000e+00  1.00000e+00 -0.00000e+00 -0.00000e+00  0.00000e+00  0.00000e+00  0.00000e+00  0.00000e+00  0.00000e+00  0.00000e+00  0.00000e+00  1.69321e-04  3.28612e-06  8.24738e-02  1.07046e-01
1.18003e+02  0.00000e+00  9.00000e+00  0.00000e+00  1.00000e+00 -0.00000e+00 -0.00000e+00  0.00000e+00  0.00000e+00  0.00000e+00  0.00000e+00  0.00000e+00  0.00000e+00  0.00000e+00  1.68528e-04  3.28616e-06  8.26184e-02  1.07249e-01
1.18504e+02  0.00000e+00  9.00000e+00  0.00000e+00  1.00000e+00 -0.00000e+00 -0.00000e+00  0.00000e+00  0.00000e+00  0.00000e+00  0.00000e+00  0.00000e+00  0.00000e+00  0.00000e+00  1.67629e-04  3.28713e-06  8.27744e-02  1.07474e-01
1.19003e+02  0.00000e+00  9.00000e+00  0.00000e+00  1.00000e+00 -0.00000e+00 -0.00000e+00  0.00000e+00  0.00000e+00  0.00000e+00  0.00000e+00  0.00000e+00  0.00000e+00  0.00000e+00  1.66942e-04  3.28500e-06  8.29460e-02  1.07664e-01
1.19505e+02  0.00000e+00  9.00000e+00  0.00000e+00  1.00000e+00 -0.00000e+00 -0.00000e+00  0.00000e+00  0.00000e+00  0.00000e+00  0.00000e+00  0.00000e+00  0.00000e+00  0.00000e+00  1.66056e-04  3.28600e-06  8.31040e-02  1.07867e-01
1.20005e+02  0.00000e+00  7.00000e+00  0.00000e+00  1.00000e+00 -0.00000e+00 -0.00000e+00  0.00000e+00  0.00000e+00  0.00000e+00  0.00000e+00  0.00000e+00  0.00000e+00  0.00000e+00  1.65292e-04  3.28586e-06  8.32378e-02  1.08079e-01
1.20504e+02  0.00000e+00  7.00000e+00  0.00000e+00  1.00000e+00 -0.00000e+00 -0.00000e+00  0.00000e+00  0.00000e+00  0.00000e+00  0.00000e+00  0.00000e+00  0.00000e+00  0.00000e+00  1.64442e-04  3.28506e-06  8.33848e-02  1.08280e-01
1.21005e+02  0.00000e+00  7.00000e+00  0.00000e+00  1.00000e+00 -0.00000e+00 -0.00000e+00  0.00000e+00  0.00000e+00  0.00000e+00  0.00000e+00  0.00000e+00  0.00000e+00  0.00000e+00  1.63692e-04  3.28400e-06  8.35504e-02  1.08451e-01
1.21503e+02  0.00000e+00  7.00000e+00  0.00000e+00  1.00000e+00 -0.00000e+00 -0.00000e+00  0.00000e+00  0.00000e+00  0.00000e+00  0.00000e+00  0.00000e+00  0.00000e+00  0.00000e+00  1.62907e-04  3.28496e-06  8.37144e-02  1.08661e-01
1.22003e+02  0.00000e+00  7.00000e+00  0.00000e+00  1.00000e+00 -0.00000e+00 -0.00000e+00  0.00000e+00  0.00000e+00  0.00000e+00  0.00000e+00  0.00000e+00  0.00000e+00  0.00000e+00  1.62084e-04  3.28303e-06  8.38526e-02  1.08857e-01
1.22504e+02  0.00000e+00  7.00000e+00  0.00000e+00  1.00000e+00 -0.00000e+00 -0.00000e+00  0.00000e+00  0.00000e+00  0.00000e+00  0.00000e+00  0.00000e+00  0.00000e+00  0.00000e+00  1.61343e-04  3.28432e-06  8.40198e-02  1.09061e-01
1.23005e+02  0.00000e+00  7.00000e+00  0.00000e+00  1.00000e+00 -0.00000e+00 -0.00000e+00  0.00000e+00  0.00000e+00  0.00000e+00  0.00000e+00  0.00000e+00  0.00000e+00  0.00000e+00  1.60610e-04  3.28341e-06  8.41688e-02  1.09246e-01
1.23503e+02  0.00000e+00  7.00000e+00  0.00000e+00  1.00000e+00 -0.00000e+00 -0.00000e+00  0.00000e+00  0.00000e+00  0.00000e+00  0.00000e+00  0.00000e+00  0.00000e+00  0.00000e+00  1.59888e-04  3.28162e-06  8.43204e-02  1.09419e-01
1.24005e+02  0.00000e+00  7.00000e+00  0.00000e+00  1.00000e+00 -0.00000e+00 -0.00000e+00  0.00000e+00  0.00000e+00  0.00000e+00  0.00000e+00  0.00000e+00  0.00000e+00  0.00000e+00  1.59051e-04  3.28263e-06  8.44590e-02  1.09629e-01
1.24503e+02  0.00000e+00  7.00000e+00  0.00000e+00  1.00000e+00 -0.00000e+00 -0.00000e+00  0.00000e+00  0.00000e+00  0.00000e+00  0.00000e+00  0.00000e+00  0.00000e+00  0.00000e+00  1.58379e-04  3.28199e-06  8.46237e-02  1.09802e-01
1.25004e+02  0.00000e+00  7.00000e+00  0.00000e+00  1.00000e+00 -0.00000e+00 -0.00000e+00  0.00000e+00  0.00000e+00  0.00000e+00  0.00000e+00  0.00000e+00  0.00000e+00  0.00000e+00  1.57664e-04  3.28204e-06  8.47853e-02  1.09992e-01
1.25505e+02  0.00000e+00  7.00000e+00  0.00000e+00  1.00000e+00 -0.00000e+00 -0.00000e+00  0.00000e+00  0.00000e+00  0.00000e+00  0.00000e+00  0.00000e+00  0.00000e+00  0.00000e+00  1.56943e-04  3.28081e-06  8.49308e-02  1.10180e-01
1.26005e+02  0.00000e+00  7.00000e+00  0.00000e+00  1.00000e+00 -0.00000e+00 -0.00000e+00  0.00000e+00  0.00000e+00  0.00000e+00  0.00000e+00  0.00000e+00  0.00000e+00  0.00000e+00  1.56156e-04  3.28018e-06  8.50697e-02  1.10330e-01
1.26504e+02  0.00000e+00  7.00000e+00  0.00000e+00  1.00000e+00 -0.00000e+00 -0.00000e+00  0.00000e+00  0.00000e+00  0.00000e+00  0.00000e+00  0.00000e+00  0.00000e+00  0.00000e+00  1.55441e-04  3.27906e-06  8.52187e-02  1.10512e-01
1.27003e+02  0.00000e+00  7.00000e+00  0.00000e+00  1.00000e+00 -0.00000e+00 -0.00000e+00  0.00000e+00  0.00000e+00  0.00000e+00  0.00000e+00  0.00000e+00  0.00000e+00  0.00000e+00  1.54767e-04  3.28039e-06  8.53901e-02  1.10675e-01
1.27503e+02  0.00000e+00  7.00000e+00  0.00000e+00  1.00000e+00 -0.00000e+00 -0.00000e+00  0.00000e+00  0.00000e+00  0.00000e+00  0.00000e+00  0.00000e+00  0.00000e+00  0.00000e+00  1.54100e-04  3.27946e-06  8.55274e-02  1.10857e-01
1.28003e+02  0.00000e+00  7.00000e+00  0.00000e+00  1.00000e+00 -0.00000e+00 -0.00000e+00  0.00000e+00  0.00000e+00  0.00000e+00  0.00000e+00  0.00000e+00  0.00000e+00  0.00000e+00  1.53466e-04  3.27979e-06  8.56939e-02  1.11028e-01
1.28505e+02  0.00000e+00  7.00000e+00  0.00000e+00  1.00000e+00 -0.00000e+00 -0.00000e+00  0.00000e+00  0.00000e+00  0.00000e+00  0.00000e+00  0.00000e+00  0.00000e+00  0.00000e+00  1.52615e-04  3.27803e-06  8.58215e-02  1.11171e-01
1.29003e+02  0.00000e+00  7.00000e+00  0.00000e+00  1.00000e+00 -0.00000e+00 -0.00000e+00  0.00000e+00  0.00000e+00  0.00000e+00  0.00000e+00  0.00000e+00  0.00000e+00  0.00000e+00  1.52021e-04  3.27829e-06  8.59815e-02  1.11359e-01
1.29504e+02  0.00000e+00  7.00000e+00  0.00000e+00  1.00000e+00 -0.00000e+00 -0.00000e+00  0.00000e+00  0.00000e+00  0.00000e+00  0.00000e+00  0.00000e+00  0.00000e+00  0.00000e+00  1.51335e-04  3.27838e-06  8.61272e-02  1.11524e-01
1.30005e+02  0.00000e+00  7.00000e+00  0.00000e+00  1.00000e+00 -0.00000e+00 -0.00000e+00  0.00000e+00  0.00000e+00  0.00000e+00  0.00000e+00  0.00000e+00  0.00000e+00  0.00000e+00  1.50705e-04  3.27874e-06  8.62991e-02  1.11689e-01
1.30503e+02  0.00000e+00  7.00000e+00  0.00000e+00  1.00000e+00 -0.00000e+00 -0.00000e+00  0.00000e+00  0.00000e+00  0.00000e+00  0.00000e+00  0.00000e+00  0.00000e+00  0.00000e+00  1.49906e-04  3.27794e-06  8.64221e-02  1.11862e-01
1.31004e+02  0.00000e+00  7.00000e+00  0.00000e+00  1.00000e+00 -0.00000e+00 -0.00000e+00  0.00000e+00  0.00000e+00  0.00000e+00  0.00000e+00  0.00000e+00  0.00000e+00  0.00000e+00  1.49334e-04  3.27451e-06  8.65761e-02  1.11998e-01
1.31504e+02  0.00000e+00  7.00000e+00  0.00000e+00  1.00000e+00 -0.00000e+00 -0.00000e+00  0.00000e+00  0.00000e+00  0.00000e+00  0.00000e+00  0.00000e+00  0.00000e+00  0.00000e+00  1.48645e-04  3.27673e-06  8.67263e-02  1.12166e-01
1.32005e+02  0.00000e+00  7.00000e+00  0.00000e+00  1.00000e+00 -0.00000e+00 -0.00000e+00  0.00000e+00  0.00000e+00  0.00000e+00  0.00000e+00  0.00000e+00  0.00000e+00  0.00000e+00  1.48062e-04  3.27605e-06  8.68922e-02  1.12349e-01
1.32503e+02  0.00000e+00  7.00000e+00  0.00000e+00  1.00000e+00 -0.00000e+00 -0.00000e+00  0.00000e+00  0.00000e+00  0.00000e+00  0.00000e+00  0.00000e+00  0.00000e+00  0.00000e+00  1.47313e-04  3.27638e-06  8.70102e-02  1.12508e-01
1.33004e+02  0.00000e+00  7.00000e+00  0.00000e+00  1.00000e+00 -0.00000e+00 -0.00000e+00  0.00000e+00  0.00000e+00  0.00000e+00  0.00000e+00  0.00000e+00  0.00000e+00  0.00000e+00  1.46772e-04  3.27667e-06  8.71731e-02  1.12666e-01
1.33505e+02  0.00000e+00  7.00000e+00  0.00000e+00  1.00000e+00 -0.00000e+00 -0.00000e+00  0.00000e+00  0.00000e+00  0.00000e+00  0.00000e+00  0.00000e+00  0.00000e+00  0.00000e+00  1.46064e-04  3.27511e-06  8.73154e-02  1.12834e-01
1.34003e+02  0.00000e+00  7.00000e+00  0.00000e+00  1.00000e+00 -0.00000e+00 -0.00000e+00  0.00000e+00  0.00000e+00  0.00000e+00  0.00000e+00  0.00000e+00  0.00000e+00  0.00000e+00  1.45547e-04  3.27564e-06  8.74790e-02  1.12986e-01
1.34504e+02  0.00000e+00  7.00000e+00  0.00000e+00  1.00000e+00 -0.00000e+00 -0.00000e+00  0.00000e+00  0.00000e+00  0.00000e+00  0.00000e+00  0.00000e+00  0.00000e+00  0.00000e+00  1.44761e-04  3.27200e-06  8.76057e-02  1.13139e-01
1.35004e+02  0.00000e+00  7.00000e+00  0.00000e+00  1.00000e+00 -0.00000e+00 -0.00000e+00  0.00000e+00  0.00000e+00  0.00000e+00  0.00000e+00  0.00000e+00  0.00000e+00  0.00000e+00  1.44203e-04  3.27435e-06  8.77680e-02  1.13278e-01
1.35503e+02  0.00000e+00  7.00000e+00  0.00000e+00  1.00000e+00 -0.00000e+00 -0.00000e+00  0.00000e+00  0.00000e+00  0.00000e+00  0.00000e+00  0.00000e+00  0.00000e+00  0.00000e+00  1.43568e-04  3.27401e-06  8.79096e-02  1.13447e-01
1.36003e+02  0.00000e+00  7.00000e+00  0.00000e+00  1.00000e+00 -0.00000e+00 -0.00000e+00  0.00000e+00  0.00000e+00  0.00000e+00  0.00000e+00  0.00000e+00  0.00000e+00  0.00000e+00  1.42940e-04  3.27438e-06  8.80393e-02  1.13610e-01
1.36503e+02  0.00000e+00  7.00000e+00  0.00000e+00  1.00000e+00 -0.00000e+00 -0.00000e+00  0.00000e+00  0.00000e+00  0.00000e+00  0.00000e+00  0.00000e+00  0.00000e+00  0.00000e+00  1.42300e-04  3.27390e-06  8.81828e-02  1.13768e-01
1.37003e+02  0.00000e+00  7.00000e+00  0.00000e+00  1.00000e+00 -0.00000e+00 -0.00000e+00  0.00000e+00  0.00000e+00  0.00000e+00  0.00000e+00  0.00000e+00  0.00000e+00  0.00000e+00  1.41784e-04  3.27237e-06  8.83448e-02  1.13910e-01
1.37505e+02  0.00000e+00  7.00000e+00  0.00000e+00  1.00000e+00 -0.00000e+00 -0.00000e+00  0.00000e+00  0.00000e+00  0.00000e+00  0.00000e+00  0.00000e+00  0.00000e+00  0.00000e+00  1.41124e-04  3.27184e-06  8.84936e-02  1.14080e-01
1.38005e+02  0.00000e+00  7.00000e+00  0.00000e+00  1.00000e+00 -0.00000e+00 -0.00000e+00  0.00000e+00  0.00000e+00  0.00000e+00  0.00000e+00  0.00000e+00  0.00000e+00  0.00000e+00  1.40521e-04  3.27136e-06  8.86344e-02  1.14191e-01
1.38504e+02  2.00668e+00  7.00000e+00  0.00000e+00  1.00000e+00 -0.00000e+00 -0.00000e+00  0.00000e+00  0.00000e+00  0.00000e+00  0.00000e+00  0.00000e+00  0.00000e+00  0.00000e+00  1.39934e-04  3.27222e-06  8.87679e-02  1.14368e-01
