#---it--------t-------dt-------urms------umax------orms------omax------oum-------abm-------jbm-------brms------bmax------jrms------jmax-----divu2m-----epsK------epsM-----rumax----rhom-----bmx-------bmy-------bmz----
       0      0.00 1.11E-02 7.541E-03 2.534E-02 9.051E-04 3.199E-03 -2.27E-10  0.00E+00  0.00E+00 0.000E+00 0.000E+00 0.000E+00 0.000E+00 2.559E-02 3.412E-07 0.000E+00 2.53E-02  1.0000 0.000E+00 0.000E+00 0.000E+00
      50      0.56 1.12E-02 5.291E-03 1.726E-02 8.938E-04 3.140E-03 -2.27E-10  0.00E+00  0.00E+00 0.000E+00 0.000E+00 0.000E+00 0.000E+00 1.138E-02 1.517E-07 0.000E+00 1.73E-02  1.0000 0.000E+00 0.000E+00 0.000E+00
     100      1.12 1.11E-02 5.183E-03 1.809E-02 8.833E-04 3.095E-03 -2.26E-10  0.00E+00  0.00E+00 0.000E+00 0.000E+00 0.000E+00 0.000E+00 1.037E-02 1.382E-07 0.000E+00 1.80E-02  1.0000 0.000E+00 0.000E+00 0.000E+00
     150      1.67 1.12E-02 5.131E-03 1.650E-02 8.737E-04 3.064E-03 -2.26E-10  0.00E+00  0.00E+00 0.000E+00 0.000E+00 0.000E+00 0.000E+00 9.651E-03 1.287E-07 0.000E+00 1.65E-02  1.0000 0.000E+00 0.000E+00 0.000E+00
     200      2.23 1.12E-02 5.071E-03 1.704E-02 8.650E-04 2.996E-03 -2.26E-10  0.00E+00  0.00E+00 0.000E+00 0.000E+00 0.000E+00 0.000E+00 9.091E-03 1.212E-07 0.000E+00 1.71E-02  1.0000 0.000E+00 0.000E+00 0.000E+00
     250      2.79 1.12E-02 5.050E-03 1.785E-02 8.571E-04 2.981E-03 -2.26E-10  0.00E+00  0.00E+00 0.000E+00 0.000E+00 0.000E+00 0.000E+00 8.635E-03 1.152E-07 0.000E+00 1.79E-02  1.0000 0.000E+00 0.000E+00 0.000E+00
     300      3.35 1.12E-02 5.029E-03 1.823E-02 8.499E-04 2.937E-03 -2.26E-10  0.00E+00  0.00E+00 0.000E+00 0.000E+00 0.000E+00 0.000E+00 8.274E-03 1.103E-07 0.000E+00 1.83E-02  1.0000 0.000E+00 0.000E+00 0.000E+00
     350      3.91 1.12E-02 4.973E-03 1.680E-02 8.434E-04 2.927E-03 -2.25E-10  0.00E+00  0.00E+00 0.000E+00 0.000E+00 0.000E+00 0.000E+00 7.939E-03 1.059E-07 0.000E+00 1.67E-02  1.0000 0.000E+00 0.000E+00 0.000E+00
     400      4.46 1.12E-02 4.873E-03 1.584E-02 8.374E-04 2.884E-03 -2.25E-10  0.00E+00  0.00E+00 0.000E+00 0.000E+00 0.000E+00 0.000E+00 7.453E-03 9.940E-08 0.000E+00 1.59E-02  1.0000 0.000E+00 0.000E+00 0.000E+00
     450      5.02 1.12E-02 4.889E-03 1.657E-02 8.319E-04 2.838E-03 -2.25E-10  0.00E+00  0.00E+00 0.000E+00 0.000E+00 0.000E+00 0.000E+00 7.346E-03 9.797E-08 0.000E+00 1.67E-02  1.0000 0.000E+00 0.000E+00 0.000E+00
     500      5.58 1.12E-02 4.852E-03 1.652E-02 8.268E-04 2.827E-03 -2.25E-10  0.00E+00  0.00E+00 0.000E+00 0.000E+00 0.000E+00 0.000E+00 7.106E-03 9.477E-08 0.000E+00 1.66E-02  1.0000 0.000E+00 0.000E+00 0.000E+00
     550      6.14 1.12E-02 4.834E-03 1.538E-02 8.221E-04 2.790E-03 -2.25E-10  0.00E+00  0.00E+00 0.000E+00 0.000E+00 0.000E+00 0.000E+00 6.881E-03 9.176E-08 0.000E+00 1.56E-02  1.0000 0.000E+00 0.000E+00 0.000E+00
     600      6.70 1.12E-02 4.812E-03 1.568E-02 8.178E-04 2.759E-03 -2.24E-10  0.00E+00  0.00E+00 0.000E+00 0.000E+00 0.000E+00 0.000E+00 6.711E-03 8.950E-08 0.000E+00 1.57E-02  1.0000 0.000E+00 0.000E+00 0.000E+00
     650      7.26 1.12E-02 4.825E-03 1.663E-02 8.138E-04 2.734E-03 -2.24E-10  0.00E+00  0.00E+00 0.000E+00 0.000E+00 0.000E+00 0.000E+00 6.544E-03 8.727E-08 0.000E+00 1.67E-02  1.0000 0.000E+00 0.000E+00 0.000E+00
     700      7.81 1.12E-02 4.753E-03 1.552E-02 8.101E-04 2.729E-03 -2.24E-10  0.00E+00  0.00E+00 0.000E+00 0.000E+00 0.000E+00 0.000E+00 6.416E-03 8.557E-08 0.000E+00 1.55E-02  1.0000 0.000E+00 0.000E+00 0.000E+00
     750      8.37 1.12E-02 4.715E-03 1.586E-02 8.066E-04 2.696E-03 -2.24E-10  0.00E+00  0.00E+00 0.000E+00 0.000E+00 0.000E+00 0.000E+00 6.179E-03 8.241E-08 0.000E+00 1.59E-02  1.0000 0.000E+00 0.000E+00 0.000E+00
     800      8.93 1.12E-02 4.657E-03 1.506E-02 8.034E-04 2.670E-03 -2.23E-10  0.00E+00  0.00E+00 0.000E+00 0.000E+00 0.000E+00 0.000E+00 5.956E-03 7.944E-08 0.000E+00 1.50E-02  1.0000 0.000E+00 0.000E+00 0.000E+00
     850      9.49 1.12E-02 4.583E-03 1.505E-02 8.004E-04 2.659E-03 -2.23E-10  0.00E+00  0.00E+00 0.000E+00 0.000E+00 0.000E+00 0.000E+00 5.784E-03 7.714E-08 0.000E+00 1.50E-02  1.0000 0.000E+00 0.000E+00 0.000E+00
     900     10.05 1.12E-02 4.650E-03 1.501E-02 7.976E-04 2.651E-03 -2.23E-10  0.00E+00  0.00E+00 0.000E+00 0.000E+00 0.000E+00 0.000E+00 5.815E-03 7.755E-08 0.000E+00 1.51E-02  1.0000 0.000E+00 0.000E+00 0.000E+00
     950     10.61 1.12E-02 4.676E-03 1.533E-02 7.949E-04 2.610E-03 -2.23E-10  0.00E+00  0.00E+00 0.000E+00 0.000E+00 0.000E+00 0.000E+00 5.711E-03 7.617E-08 0.000E+00 1.54E-02  1.0000 0.000E+00 0.000E+00 0.000E+00
    1000     11.17 1.12E-02 4.598E-03 1.422E-02 7.924E-04 2.598E-03 -2.23E-10  0.00E+00  0.00E+00 0.000E+00 0.000E+00 0.000E+00 0.000E+00 5.499E-03 7.334E-08 0.000E+00 1.43E-02  1.0000 0.000E+00 0.000E+00 0.000E+00
