#---it--------t-------dt-------urms------umax------orms------omax------oum------divu2m-----epsK-----rumax----rhom--
       0      0.00 1.01E-01 3.051E-03 8.947E-03 2.695E-02 8.402E-02  6.13E-07 2.054E-05 7.535E-09 8.95E-03  1.0000
      50      5.06 1.01E-01 2.934E-03 8.356E-03 2.617E-02 8.040E-02  5.78E-07 1.637E-06 6.873E-09 8.36E-03  1.0000
     100     10.12 1.01E-01 2.867E-03 7.973E-03 2.550E-02 7.677E-02  5.52E-07 6.535E-07 6.512E-09 7.97E-03  1.0000
     150     15.19 1.01E-01 2.809E-03 7.582E-03 2.490E-02 7.314E-02  5.33E-07 3.406E-07 6.207E-09 7.58E-03  1.0000
     200     20.26 1.01E-01 2.759E-03 7.528E-03 2.437E-02 6.955E-02  5.21E-07 2.224E-07 5.941E-09 7.53E-03  1.0000
     250     25.32 1.01E-01 2.714E-03 7.549E-03 2.388E-02 6.912E-02  5.13E-07 1.641E-07 5.706E-09 7.55E-03  1.0000
     300     30.39 1.01E-01 2.673E-03 7.507E-03 2.344E-02 6.976E-02  5.09E-07 1.144E-07 5.495E-09 7.51E-03  1.0000
     350     35.46 1.01E-01 2.635E-03 7.392E-03 2.303E-02 6.994E-02  5.08E-07 6.613E-08 5.304E-09 7.39E-03  1.0000
     400     40.53 1.01E-01 2.600E-03 7.272E-03 2.265E-02 6.970E-02  5.08E-07 5.619E-08 5.131E-09 7.27E-03  1.0000
     450     45.60 1.01E-01 2.568E-03 7.084E-03 2.230E-02 6.909E-02  5.09E-07 5.315E-08 4.972E-09 7.08E-03  1.0000
     500     50.67 1.01E-01 2.537E-03 6.994E-03 2.197E-02 6.815E-02  5.11E-07 4.235E-08 4.826E-09 6.99E-03  1.0000
     550     55.74 1.01E-01 2.509E-03 6.847E-03 2.165E-02 6.691E-02  5.12E-07 3.523E-08 4.690E-09 6.85E-03  1.0000
     600     60.81 1.01E-01 2.481E-03 6.892E-03 2.136E-02 6.544E-02  5.13E-07 2.413E-08 4.563E-09 6.89E-03  1.0000
     650     65.88 1.01E-01 2.455E-03 6.874E-03 2.108E-02 6.379E-02  5.13E-07 1.973E-08 4.445E-09 6.87E-03  1.0000
     700     70.95 1.01E-01 2.430E-03 6.932E-03 2.082E-02 6.201E-02  5.11E-07 1.502E-08 4.333E-09 6.93E-03  1.0000
     750     76.02 1.01E-01 2.407E-03 6.953E-03 2.056E-02 6.046E-02  5.09E-07 1.279E-08 4.229E-09 6.95E-03  1.0000
     800     81.09 1.01E-01 2.384E-03 6.874E-03 2.032E-02 5.949E-02  5.04E-07 1.190E-08 4.130E-09 6.87E-03  1.0000
     850     86.16 1.01E-01 2.361E-03 6.783E-03 2.009E-02 5.846E-02  4.98E-07 9.438E-09 4.036E-09 6.78E-03  1.0000
     900     91.24 1.01E-01 2.340E-03 6.632E-03 1.987E-02 5.780E-02  4.91E-07 1.009E-08 3.947E-09 6.63E-03  1.0000
     950     96.31 1.01E-01 2.319E-03 6.523E-03 1.965E-02 5.728E-02  4.82E-07 5.425E-09 3.862E-09 6.52E-03  1.0000
    1000    101.38 1.01E-01 2.299E-03 6.368E-03 1.945E-02 5.663E-02  4.73E-07 8.041E-09 3.782E-09 6.37E-03  1.0000
    1050    106.45 1.01E-01 2.280E-03 6.360E-03 1.925E-02 5.669E-02  4.62E-07 7.802E-09 3.705E-09 6.36E-03  1.0000
    1100    111.52 1.01E-01 2.260E-03 6.394E-03 1.905E-02 5.667E-02  4.51E-07 4.185E-09 3.631E-09 6.39E-03  1.0000
    1150    116.59 1.01E-01 2.242E-03 6.420E-03 1.887E-02 5.649E-02  4.39E-07 5.267E-09 3.560E-09 6.42E-03  1.0000
    1200    121.66 1.01E-01 2.224E-03 6.436E-03 1.869E-02 5.617E-02  4.27E-07 2.371E-09 3.492E-09 6.44E-03  1.0000
    1250    126.73 1.01E-01 2.206E-03 6.412E-03 1.851E-02 5.571E-02  4.14E-07 4.360E-09 3.427E-09 6.41E-03  1.0000
    1300    131.80 1.01E-01 2.189E-03 6.371E-03 1.834E-02 5.512E-02  4.02E-07 3.783E-09 3.364E-09 6.37E-03  1.0000
    1350    136.87 1.01E-01 2.172E-03 6.376E-03 1.817E-02 5.440E-02  3.90E-07 2.645E-09 3.303E-09 6.38E-03  1.0000
    1400    141.95 1.01E-01 2.156E-03 6.366E-03 1.801E-02 5.356E-02  3.77E-07 4.141E-09 3.244E-09 6.37E-03  1.0000
    1450    147.02 1.01E-01 2.140E-03 6.312E-03 1.785E-02 5.261E-02  3.65E-07 2.735E-09 3.188E-09 6.31E-03  1.0000
    1500    152.09 1.01E-01 2.124E-03 6.236E-03 1.770E-02 5.157E-02  3.53E-07 2.668E-09 3.133E-09 6.24E-03  1.0000
    1550    157.16 1.01E-01 2.109E-03 6.149E-03 1.755E-02 5.045E-02  3.42E-07 2.430E-09 3.080E-09 6.15E-03  1.0000
    1600    162.23 1.01E-01 2.093E-03 6.098E-03 1.740E-02 5.052E-02  3.30E-07 1.954E-09 3.029E-09 6.10E-03  1.0000
    1650    167.31 1.01E-01 2.079E-03 6.031E-03 1.726E-02 5.054E-02  3.19E-07 2.102E-09 2.979E-09 6.03E-03  1.0000
    1700    172.38 1.01E-01 2.064E-03 5.949E-03 1.712E-02 5.051E-02  3.08E-07 1.663E-09 2.930E-09 5.95E-03  1.0000
    1750    177.45 1.01E-01 2.050E-03 6.002E-03 1.698E-02 5.042E-02  2.98E-07 1.511E-09 2.883E-09 6.00E-03  1.0000
    1800    182.53 1.01E-01 2.036E-03 6.062E-03 1.684E-02 5.027E-02  2.88E-07 1.644E-09 2.837E-09 6.06E-03  1.0000
    1850    187.60 1.01E-01 2.022E-03 6.129E-03 1.671E-02 5.008E-02  2.78E-07 1.124E-09 2.792E-09 6.13E-03  1.0000
    1900    192.67 1.01E-01 2.008E-03 6.169E-03 1.658E-02 4.983E-02  2.69E-07 1.344E-09 2.749E-09 6.17E-03  1.0000
    1950    197.74 1.01E-01 1.994E-03 6.219E-03 1.645E-02 4.954E-02  2.60E-07 1.450E-09 2.706E-09 6.22E-03  1.0000
    2000    202.82 1.01E-01 1.981E-03 6.244E-03 1.632E-02 4.922E-02  2.52E-07 7.245E-10 2.664E-09 6.24E-03  1.0000
    2050    207.89 1.01E-01 1.968E-03 6.274E-03 1.620E-02 4.886E-02  2.44E-07 1.013E-09 2.624E-09 6.27E-03  1.0000
    2100    212.97 1.01E-01 1.955E-03 6.296E-03 1.607E-02 4.847E-02  2.36E-07 6.387E-10 2.584E-09 6.30E-03  1.0000
    2150    218.04 1.01E-01 1.942E-03 6.305E-03 1.595E-02 4.805E-02  2.29E-07 6.883E-10 2.545E-09 6.31E-03  1.0000
    2200    223.11 1.01E-01 1.930E-03 6.334E-03 1.583E-02 4.761E-02  2.22E-07 7.135E-10 2.507E-09 6.33E-03  1.0000
    2250    228.19 1.01E-01 1.917E-03 6.430E-03 1.571E-02 4.716E-02  2.15E-07 3.144E-10 2.470E-09 6.43E-03  1.0000
    2300    233.26 1.01E-01 1.905E-03 6.522E-03 1.560E-02 4.669E-02  2.08E-07 7.898E-10 2.433E-09 6.52E-03  1.0000
    2350    238.34 1.01E-01 1.892E-03 6.595E-03 1.548E-02 4.621E-02  2.02E-07 3.594E-10 2.397E-09 6.59E-03  1.0000
    2400    243.41 1.01E-01 1.880E-03 6.641E-03 1.537E-02 4.572E-02  1.96E-07 3.903E-10 2.362E-09 6.64E-03  1.0000
    2450    248.48 1.01E-01 1.868E-03 6.680E-03 1.526E-02 4.524E-02  1.91E-07 5.582E-10 2.328E-09 6.68E-03  1.0000
    2500    253.56 1.01E-01 1.856E-03 6.716E-03 1.515E-02 4.541E-02  1.85E-07 2.771E-10 2.294E-09 6.72E-03  1.0000
    2550    258.63 1.01E-01 1.845E-03 6.740E-03 1.504E-02 4.551E-02  1.80E-07 4.106E-10 2.261E-09 6.74E-03  1.0000
    2600    263.71 1.01E-01 1.833E-03 6.744E-03 1.493E-02 4.556E-02  1.75E-07 2.289E-10 2.229E-09 6.74E-03  1.0000
    2650    268.78 1.01E-01 1.822E-03 6.720E-03 1.482E-02 4.554E-02  1.71E-07 2.674E-10 2.197E-09 6.72E-03  1.0000
    2700    273.85 1.01E-01 1.810E-03 6.696E-03 1.472E-02 4.547E-02  1.67E-07 3.021E-10 2.166E-09 6.70E-03  1.0000
    2750    278.93 1.01E-01 1.799E-03 6.670E-03 1.461E-02 4.534E-02  1.63E-07 1.833E-10 2.135E-09 6.67E-03  1.0000
    2800    284.00 1.01E-01 1.788E-03 6.623E-03 1.451E-02 4.517E-02  1.59E-07 3.284E-10 2.105E-09 6.62E-03  1.0000
    2850    289.08 1.01E-01 1.777E-03 6.576E-03 1.441E-02 4.494E-02  1.55E-07 2.893E-10 2.076E-09 6.58E-03  1.0000
    2900    294.15 1.01E-01 1.766E-03 6.510E-03 1.431E-02 4.467E-02  1.52E-07 1.497E-10 2.047E-09 6.51E-03  1.0000
    2950    299.22 1.01E-01 1.755E-03 6.438E-03 1.421E-02 4.435E-02  1.49E-07 2.204E-10 2.018E-09 6.44E-03  1.0000
    3000    304.30 1.01E-01 1.744E-03 6.367E-03 1.411E-02 4.399E-02  1.46E-07 1.907E-10 1.990E-09 6.37E-03  1.0000
    3050    309.37 1.01E-01 1.733E-03 6.293E-03 1.401E-02 4.360E-02  1.44E-07 1.592E-10 1.963E-09 6.29E-03  1.0000
    3100    314.45 1.02E-01 1.723E-03 6.209E-03 1.391E-02 4.317E-02  1.42E-07 1.841E-10 1.936E-09 6.21E-03  1.0000
    3150    319.52 1.02E-01 1.712E-03 6.112E-03 1.382E-02 4.272E-02  1.40E-07 1.148E-10 1.910E-09 6.11E-03  1.0000
    3200    324.60 1.02E-01 1.702E-03 6.012E-03 1.373E-02 4.223E-02  1.38E-07 1.963E-10 1.884E-09 6.01E-03  1.0000
    3250    329.68 1.02E-01 1.692E-03 5.925E-03 1.363E-02 4.173E-02  1.36E-07 1.225E-10 1.858E-09 5.93E-03  1.0000
    3300    334.75 1.02E-01 1.682E-03 5.829E-03 1.354E-02 4.120E-02  1.35E-07 9.612E-11 1.833E-09 5.83E-03  1.0000
    3350    339.83 1.02E-01 1.672E-03 5.732E-03 1.345E-02 4.066E-02  1.34E-07 1.746E-10 1.809E-09 5.73E-03  1.0000
    3400    344.91 1.02E-01 1.662E-03 5.631E-03 1.336E-02 4.010E-02  1.33E-07 5.939E-11 1.784E-09 5.63E-03  1.0000
    3450    349.98 1.02E-01 1.652E-03 5.523E-03 1.327E-02 3.969E-02  1.32E-07 1.063E-10 1.761E-09 5.52E-03  1.0000
    3500    355.06 1.02E-01 1.642E-03 5.423E-03 1.318E-02 3.991E-02  1.31E-07 1.041E-10 1.737E-09 5.42E-03  1.0000
    3550    360.14 1.02E-01 1.632E-03 5.350E-03 1.309E-02 4.009E-02  1.31E-07 7.110E-11 1.714E-09 5.35E-03  1.0000
    3600    365.21 1.02E-01 1.623E-03 5.372E-03 1.301E-02 4.025E-02  1.30E-07 9.410E-11 1.692E-09 5.37E-03  1.0000
    3650    370.29 1.02E-01 1.613E-03 5.386E-03 1.292E-02 4.037E-02  1.30E-07 3.894E-11 1.669E-09 5.39E-03  1.0000
    3700    375.36 1.02E-01 1.604E-03 5.391E-03 1.283E-02 4.045E-02  1.30E-07 8.699E-11 1.647E-09 5.39E-03  1.0000
    3750    380.44 1.02E-01 1.595E-03 5.384E-03 1.275E-02 4.051E-02  1.30E-07 6.640E-11 1.626E-09 5.38E-03  1.0000
    3800    385.51 1.02E-01 1.585E-03 5.370E-03 1.267E-02 4.053E-02  1.30E-07 3.282E-11 1.605E-09 5.37E-03  1.0000
    3850    390.59 1.02E-01 1.576E-03 5.343E-03 1.258E-02 4.052E-02  1.30E-07 8.011E-11 1.584E-09 5.34E-03  1.0000
    3900    395.67 1.02E-01 1.567E-03 5.312E-03 1.250E-02 4.047E-02  1.30E-07 5.329E-11 1.563E-09 5.31E-03  1.0000
    3950    400.74 1.02E-01 1.558E-03 5.275E-03 1.242E-02 4.039E-02  1.30E-07 3.576E-11 1.543E-09 5.28E-03  1.0000
    4000    405.82 1.02E-01 1.549E-03 5.227E-03 1.234E-02 4.027E-02  1.30E-07 4.344E-11 1.523E-09 5.23E-03  1.0000
    4050    410.90 1.02E-01 1.540E-03 5.174E-03 1.226E-02 4.012E-02  1.30E-07 3.643E-11 1.504E-09 5.17E-03  1.0000
    4100    415.97 1.02E-01 1.532E-03 5.116E-03 1.218E-02 3.994E-02  1.30E-07 4.740E-11 1.484E-09 5.12E-03  1.0000
    4150    421.05 1.02E-01 1.523E-03 5.092E-03 1.211E-02 3.973E-02  1.30E-07 3.615E-11 1.465E-09 5.09E-03  1.0000
    4200    426.13 1.02E-01 1.514E-03 5.082E-03 1.203E-02 3.949E-02  1.30E-07 3.246E-11 1.447E-09 5.08E-03  1.0000
    4250    431.21 1.02E-01 1.506E-03 5.064E-03 1.195E-02 3.938E-02  1.30E-07 4.968E-11 1.428E-09 5.06E-03  1.0000
    4300    436.28 1.02E-01 1.497E-03 5.042E-03 1.187E-02 3.931E-02  1.30E-07 2.069E-11 1.410E-09 5.04E-03  1.0000
    4350    441.36 1.02E-01 1.489E-03 5.018E-03 1.180E-02 3.920E-02  1.30E-07 2.924E-11 1.392E-09 5.02E-03  1.0000
    4400    446.44 1.02E-01 1.481E-03 4.995E-03 1.173E-02 3.907E-02  1.30E-07 4.024E-11 1.375E-09 4.99E-03  1.0000
    4450    451.51 1.02E-01 1.473E-03 4.968E-03 1.165E-02 3.891E-02  1.29E-07 1.526E-11 1.357E-09 4.97E-03  1.0000
    4500    456.59 1.02E-01 1.464E-03 4.938E-03 1.158E-02 3.872E-02  1.29E-07 2.899E-11 1.340E-09 4.94E-03  1.0000
    4550    461.67 1.02E-01 1.456E-03 4.900E-03 1.151E-02 3.849E-02  1.28E-07 2.475E-11 1.324E-09 4.90E-03  1.0000
    4600    466.74 1.02E-01 1.448E-03 4.862E-03 1.143E-02 3.824E-02  1.28E-07 2.721E-11 1.307E-09 4.86E-03  1.0000
    4650    471.82 1.02E-01 1.440E-03 4.823E-03 1.136E-02 3.796E-02  1.27E-07 2.450E-11 1.291E-09 4.82E-03  1.0000
    4700    476.90 1.02E-01 1.433E-03 4.781E-03 1.129E-02 3.765E-02  1.26E-07 1.053E-11 1.275E-09 4.78E-03  1.0000
    4750    481.98 1.02E-01 1.425E-03 4.733E-03 1.122E-02 3.731E-02  1.26E-07 2.932E-11 1.259E-09 4.73E-03  1.0000
    4800    487.05 1.02E-01 1.417E-03 4.681E-03 1.115E-02 3.694E-02  1.25E-07 1.647E-11 1.243E-09 4.68E-03  1.0000
    4850    492.13 1.02E-01 1.409E-03 4.628E-03 1.108E-02 3.654E-02  1.24E-07 1.008E-11 1.228E-09 4.63E-03  1.0000
    4900    497.21 1.02E-01 1.402E-03 4.574E-03 1.101E-02 3.612E-02  1.23E-07 2.243E-11 1.213E-09 4.57E-03  1.0000
    4950    502.29 1.02E-01 1.394E-03 4.523E-03 1.095E-02 3.567E-02  1.22E-07 1.462E-11 1.198E-09 4.52E-03  1.0000
    5000    507.37 1.02E-01 1.387E-03 4.507E-03 1.088E-02 3.519E-02  1.21E-07 1.437E-11 1.183E-09 4.51E-03  1.0000
    5050    512.45 1.02E-01 1.379E-03 4.489E-03 1.081E-02 3.470E-02  1.20E-07 1.223E-11 1.169E-09 4.49E-03  1.0000
    5100    517.53 1.02E-01 1.372E-03 4.464E-03 1.075E-02 3.418E-02  1.18E-07 1.201E-11 1.155E-09 4.46E-03  1.0000
    5150    522.61 1.02E-01 1.364E-03 4.435E-03 1.068E-02 3.365E-02  1.17E-07 1.488E-11 1.141E-09 4.44E-03  1.0000
    5200    527.69 1.02E-01 1.357E-03 4.405E-03 1.062E-02 3.310E-02  1.16E-07 8.105E-12 1.127E-09 4.41E-03  1.0000
    5250    532.76 1.02E-01 1.350E-03 4.423E-03 1.055E-02 3.254E-02  1.15E-07 1.184E-11 1.113E-09 4.42E-03  1.0000
    5300    537.84 1.02E-01 1.343E-03 4.435E-03 1.049E-02 3.197E-02  1.13E-07 1.365E-11 1.100E-09 4.44E-03  1.0000
    5350    542.92 1.02E-01 1.336E-03 4.443E-03 1.042E-02 3.139E-02  1.12E-07 4.779E-12 1.086E-09 4.44E-03  1.0000
    5400    548.00 1.02E-01 1.329E-03 4.445E-03 1.036E-02 3.095E-02  1.11E-07 1.020E-11 1.073E-09 4.44E-03  1.0000
    5450    553.08 1.02E-01 1.322E-03 4.443E-03 1.030E-02 3.078E-02  1.10E-07 1.182E-11 1.061E-09 4.44E-03  1.0000
    5500    558.16 1.02E-01 1.315E-03 4.439E-03 1.024E-02 3.058E-02  1.08E-07 5.933E-12 1.048E-09 4.44E-03  1.0000
    5550    563.24 1.02E-01 1.308E-03 4.430E-03 1.017E-02 3.036E-02  1.07E-07 7.874E-12 1.035E-09 4.43E-03  1.0000
    5600    568.32 1.02E-01 1.301E-03 4.416E-03 1.011E-02 3.015E-02  1.06E-07 7.176E-12 1.023E-09 4.42E-03  1.0000
    5650    573.40 1.02E-01 1.294E-03 4.398E-03 1.005E-02 3.034E-02  1.05E-07 9.717E-12 1.011E-09 4.40E-03  1.0000
    5700    578.48 1.02E-01 1.288E-03 4.376E-03 9.994E-03 3.052E-02  1.04E-07 6.550E-12 9.988E-10 4.38E-03  1.0000
    5750    583.56 1.02E-01 1.281E-03 4.353E-03 9.934E-03 3.069E-02  1.02E-07 3.657E-12 9.869E-10 4.35E-03  1.0000
    5800    588.64 1.02E-01 1.274E-03 4.326E-03 9.875E-03 3.085E-02  1.01E-07 9.815E-12 9.752E-10 4.33E-03  1.0000
    5850    593.71 1.02E-01 1.268E-03 4.296E-03 9.817E-03 3.099E-02  1.00E-07 4.957E-12 9.637E-10 4.30E-03  1.0000
    5900    598.79 1.02E-01 1.261E-03 4.262E-03 9.759E-03 3.112E-02  9.92E-08 3.820E-12 9.524E-10 4.26E-03  1.0000
    5950    603.88 1.02E-01 1.255E-03 4.225E-03 9.701E-03 3.124E-02  9.82E-08 7.234E-12 9.411E-10 4.22E-03  1.0000
    6000    608.96 1.02E-01 1.248E-03 4.187E-03 9.644E-03 3.135E-02  9.73E-08 4.898E-12 9.301E-10 4.19E-03  1.0000
    6050    614.04 1.02E-01 1.242E-03 4.149E-03 9.587E-03 3.145E-02  9.63E-08 5.264E-12 9.192E-10 4.15E-03  1.0000
    6100    619.12 1.02E-01 1.236E-03 4.106E-03 9.531E-03 3.154E-02  9.55E-08 4.220E-12 9.084E-10 4.11E-03  1.0000
    6150    624.20 1.02E-01 1.229E-03 4.062E-03 9.475E-03 3.162E-02  9.46E-08 4.721E-12 8.978E-10 4.06E-03  1.0000
    6200    629.28 1.02E-01 1.223E-03 4.016E-03 9.420E-03 3.169E-02  9.38E-08 4.711E-12 8.873E-10 4.02E-03  1.0000
    6250    634.36 1.02E-01 1.217E-03 3.970E-03 9.365E-03 3.174E-02  9.31E-08 2.323E-12 8.770E-10 3.97E-03  1.0000
    6300    639.44 1.02E-01 1.211E-03 3.923E-03 9.310E-03 3.179E-02  9.24E-08 4.950E-12 8.668E-10 3.92E-03  1.0000
    6350    644.52 1.02E-01 1.205E-03 3.876E-03 9.256E-03 3.182E-02  9.17E-08 4.626E-12 8.567E-10 3.88E-03  1.0000
    6400    649.61 1.02E-01 1.199E-03 3.877E-03 9.202E-03 3.184E-02  9.10E-08 1.670E-12 8.468E-10 3.88E-03  1.0000
    6450    654.69 1.02E-01 1.193E-03 3.897E-03 9.149E-03 3.185E-02  9.04E-08 3.913E-12 8.370E-10 3.90E-03  1.0000
    6500    659.77 1.02E-01 1.187E-03 3.912E-03 9.096E-03 3.185E-02  8.99E-08 4.300E-12 8.273E-10 3.91E-03  1.0000
    6550    664.86 1.02E-01 1.181E-03 3.923E-03 9.043E-03 3.184E-02  8.93E-08 2.366E-12 8.178E-10 3.92E-03  1.0000
    6600    669.94 1.02E-01 1.175E-03 3.931E-03 8.991E-03 3.181E-02  8.88E-08 2.431E-12 8.084E-10 3.93E-03  1.0000
    6650    675.02 1.02E-01 1.169E-03 3.934E-03 8.939E-03 3.178E-02  8.84E-08 2.707E-12 7.991E-10 3.93E-03  1.0000
    6700    680.11 1.02E-01 1.164E-03 3.933E-03 8.888E-03 3.173E-02  8.79E-08 3.531E-12 7.899E-10 3.93E-03  1.0000
    6750    685.19 1.02E-01 1.158E-03 3.929E-03 8.836E-03 3.166E-02  8.75E-08 2.200E-12 7.808E-10 3.93E-03  1.0000
    6800    690.28 1.02E-01 1.152E-03 3.921E-03 8.786E-03 3.158E-02  8.71E-08 1.735E-12 7.719E-10 3.92E-03  1.0000
    6850    695.36 1.02E-01 1.147E-03 3.909E-03 8.736E-03 3.149E-02  8.67E-08 3.656E-12 7.631E-10 3.91E-03  1.0000
    6900    700.44 1.02E-01 1.141E-03 3.893E-03 8.686E-03 3.139E-02  8.63E-08 1.788E-12 7.544E-10 3.89E-03  1.0000
    6950    705.53 1.02E-01 1.135E-03 3.873E-03 8.636E-03 3.127E-02  8.59E-08 1.491E-12 7.458E-10 3.87E-03  1.0000
    7000    710.61 1.02E-01 1.130E-03 3.849E-03 8.587E-03 3.114E-02  8.56E-08 2.850E-12 7.373E-10 3.85E-03  1.0000
    7050    715.69 1.02E-01 1.124E-03 3.823E-03 8.538E-03 3.099E-02  8.52E-08 1.684E-12 7.290E-10 3.82E-03  1.0000
    7100    720.78 1.02E-01 1.119E-03 3.793E-03 8.490E-03 3.083E-02  8.48E-08 1.777E-12 7.207E-10 3.79E-03  1.0000
    7150    725.86 1.02E-01 1.113E-03 3.760E-03 8.441E-03 3.066E-02  8.45E-08 1.930E-12 7.126E-10 3.76E-03  1.0000
    7200    730.94 1.02E-01 1.108E-03 3.724E-03 8.394E-03 3.047E-02  8.41E-08 1.983E-12 7.046E-10 3.72E-03  1.0000
    7250    736.03 1.02E-01 1.103E-03 3.685E-03 8.346E-03 3.027E-02  8.38E-08 1.704E-12 6.966E-10 3.69E-03  1.0000
    7300    741.11 1.02E-01 1.098E-03 3.651E-03 8.299E-03 3.006E-02  8.34E-08 9.552E-13 6.888E-10 3.65E-03  1.0000
    7350    746.19 1.02E-01 1.092E-03 3.627E-03 8.253E-03 2.983E-02  8.30E-08 2.120E-12 6.811E-10 3.63E-03  1.0000
    7400    751.28 1.02E-01 1.087E-03 3.601E-03 8.206E-03 2.959E-02  8.27E-08 1.746E-12 6.734E-10 3.60E-03  1.0000
    7450    756.36 1.02E-01 1.082E-03 3.574E-03 8.160E-03 2.934E-02  8.23E-08 5.658E-13 6.659E-10 3.57E-03  1.0000
    7500    761.44 1.02E-01 1.077E-03 3.555E-03 8.115E-03 2.908E-02  8.19E-08 1.694E-12 6.585E-10 3.55E-03  1.0000
    7550    766.53 1.02E-01 1.072E-03 3.551E-03 8.069E-03 2.880E-02  8.16E-08 1.797E-12 6.511E-10 3.55E-03  1.0000
    7600    771.61 1.02E-01 1.067E-03 3.545E-03 8.024E-03 2.852E-02  8.12E-08 9.295E-13 6.439E-10 3.54E-03  1.0000
    7650    776.69 1.02E-01 1.062E-03 3.537E-03 7.980E-03 2.823E-02  8.08E-08 1.064E-12 6.368E-10 3.54E-03  1.0000
    7700    781.78 1.02E-01 1.057E-03 3.528E-03 7.935E-03 2.792E-02  8.05E-08 1.273E-12 6.297E-10 3.53E-03  1.0000
    7750    786.86 1.02E-01 1.052E-03 3.518E-03 7.891E-03 2.761E-02  8.01E-08 1.334E-12 6.227E-10 3.52E-03  1.0000
    7800    791.94 1.02E-01 1.047E-03 3.507E-03 7.848E-03 2.730E-02  7.97E-08 8.591E-13 6.159E-10 3.51E-03  1.0000
    7850    797.03 1.02E-01 1.042E-03 3.494E-03 7.804E-03 2.698E-02  7.93E-08 9.102E-13 6.091E-10 3.49E-03  1.0000
    7900    802.11 1.02E-01 1.037E-03 3.479E-03 7.761E-03 2.665E-02  7.89E-08 1.501E-12 6.024E-10 3.48E-03  1.0000
    7950    807.20 1.02E-01 1.032E-03 3.462E-03 7.718E-03 2.632E-02  7.85E-08 7.130E-13 5.957E-10 3.46E-03  1.0000
    8000    812.28 1.02E-01 1.028E-03 3.445E-03 7.676E-03 2.599E-02  7.80E-08 7.187E-13 5.892E-10 3.45E-03  1.0000
    8050    817.36 1.02E-01 1.023E-03 3.427E-03 7.634E-03 2.565E-02  7.76E-08 1.335E-12 5.827E-10 3.43E-03  1.0000
    8100    822.45 1.02E-01 1.018E-03 3.407E-03 7.592E-03 2.531E-02  7.72E-08 6.832E-13 5.764E-10 3.41E-03  1.0000
    8150    827.53 1.02E-01 1.013E-03 3.386E-03 7.550E-03 2.498E-02  7.68E-08 6.809E-13 5.701E-10 3.39E-03  1.0000
    8200    832.62 1.02E-01 1.009E-03 3.364E-03 7.509E-03 2.464E-02  7.64E-08 9.772E-13 5.639E-10 3.36E-03  1.0000
    8250    837.70 1.02E-01 1.004E-03 3.342E-03 7.468E-03 2.453E-02  7.60E-08 8.811E-13 5.577E-10 3.34E-03  1.0000
    8300    842.78 1.02E-01 9.996E-04 3.338E-03 7.427E-03 2.455E-02  7.55E-08 6.904E-13 5.517E-10 3.34E-03  1.0000
    8350    847.87 1.02E-01 9.951E-04 3.335E-03 7.387E-03 2.455E-02  7.51E-08 5.161E-13 5.457E-10 3.34E-03  1.0000
    8400    852.95 1.02E-01 9.906E-04 3.330E-03 7.347E-03 2.454E-02  7.47E-08 9.929E-13 5.398E-10 3.33E-03  1.0000
    8450    858.04 1.02E-01 9.861E-04 3.323E-03 7.307E-03 2.451E-02  7.43E-08 7.375E-13 5.339E-10 3.32E-03  1.0000
    8500    863.12 1.02E-01 9.816E-04 3.315E-03 7.267E-03 2.447E-02  7.39E-08 2.513E-13 5.282E-10 3.32E-03  1.0000
    8550    868.21 1.02E-01 9.772E-04 3.306E-03 7.228E-03 2.441E-02  7.34E-08 8.429E-13 5.225E-10 3.31E-03  1.0000
    8600    873.29 1.02E-01 9.729E-04 3.296E-03 7.189E-03 2.434E-02  7.30E-08 8.075E-13 5.168E-10 3.30E-03  1.0000
    8650    878.38 1.02E-01 9.685E-04 3.284E-03 7.150E-03 2.425E-02  7.26E-08 3.710E-13 5.113E-10 3.28E-03  1.0000
    8700    883.46 1.02E-01 9.642E-04 3.270E-03 7.112E-03 2.416E-02  7.22E-08 5.714E-13 5.058E-10 3.27E-03  1.0000
    8750    888.55 1.02E-01 9.599E-04 3.256E-03 7.074E-03 2.405E-02  7.18E-08 6.601E-13 5.004E-10 3.26E-03  1.0000
    8800    893.63 1.02E-01 9.556E-04 3.240E-03 7.036E-03 2.393E-02  7.14E-08 5.434E-13 4.950E-10 3.24E-03  1.0000
    8850    898.72 1.02E-01 9.514E-04 3.224E-03 6.998E-03 2.380E-02  7.10E-08 4.047E-13 4.897E-10 3.22E-03  1.0000
    8900    903.80 1.02E-01 9.472E-04 3.206E-03 6.961E-03 2.366E-02  7.06E-08 5.131E-13 4.845E-10 3.21E-03  1.0000
    8950    908.89 1.02E-01 9.430E-04 3.187E-03 6.924E-03 2.351E-02  7.03E-08 6.701E-13 4.794E-10 3.19E-03  1.0000
    9000    913.97 1.02E-01 9.389E-04 3.167E-03 6.887E-03 2.335E-02  6.99E-08 3.194E-13 4.743E-10 3.17E-03  1.0000
    9050    919.06 1.02E-01 9.347E-04 3.148E-03 6.850E-03 2.318E-02  6.95E-08 4.089E-13 4.692E-10 3.15E-03  1.0000
    9100    924.15 1.02E-01 9.307E-04 3.127E-03 6.814E-03 2.301E-02  6.91E-08 6.923E-13 4.643E-10 3.13E-03  1.0000
    9150    929.23 1.02E-01 9.266E-04 3.105E-03 6.778E-03 2.282E-02  6.87E-08 3.021E-13 4.594E-10 3.11E-03  1.0000
    9200    934.32 1.02E-01 9.226E-04 3.082E-03 6.742E-03 2.263E-02  6.84E-08 3.232E-13 4.545E-10 3.08E-03  1.0000
    9250    939.40 1.02E-01 9.185E-04 3.059E-03 6.706E-03 2.244E-02  6.80E-08 5.646E-13 4.497E-10 3.06E-03  1.0000
    9300    944.49 1.02E-01 9.146E-04 3.036E-03 6.671E-03 2.224E-02  6.76E-08 4.015E-13 4.450E-10 3.04E-03  1.0000
    9350    949.58 1.02E-01 9.106E-04 3.013E-03 6.636E-03 2.203E-02  6.73E-08 3.177E-13 4.403E-10 3.01E-03  1.0000
    9400    954.66 1.02E-01 9.067E-04 2.989E-03 6.601E-03 2.191E-02  6.69E-08 3.544E-13 4.357E-10 2.99E-03  1.0000
    9450    959.75 1.02E-01 9.028E-04 2.965E-03 6.566E-03 2.182E-02  6.66E-08 5.078E-13 4.311E-10 2.96E-03  1.0000
    9500    964.83 1.02E-01 8.989E-04 2.940E-03 6.532E-03 2.173E-02  6.62E-08 3.502E-13 4.266E-10 2.94E-03  1.0000
    9550    969.92 1.02E-01 8.951E-04 2.915E-03 6.497E-03 2.163E-02  6.59E-08 1.640E-13 4.222E-10 2.92E-03  1.0000
    9600    975.01 1.02E-01 8.912E-04 2.890E-03 6.464E-03 2.153E-02  6.55E-08 4.823E-13 4.178E-10 2.89E-03  1.0000
    9650    980.09 1.02E-01 8.874E-04 2.865E-03 6.430E-03 2.143E-02  6.52E-08 3.975E-13 4.134E-10 2.87E-03  1.0000
    9700    985.18 1.02E-01 8.837E-04 2.840E-03 6.396E-03 2.133E-02  6.48E-08 1.574E-13 4.091E-10 2.84E-03  1.0000
    9750    990.27 1.02E-01 8.799E-04 2.815E-03 6.363E-03 2.122E-02  6.45E-08 3.696E-13 4.049E-10 2.82E-03  1.0000
    9800    995.36 1.02E-01 8.762E-04 2.790E-03 6.330E-03 2.111E-02  6.42E-08 3.740E-13 4.007E-10 2.79E-03  1.0000
    9850   1000.44 1.02E-01 8.725E-04 2.771E-03 6.297E-03 2.100E-02  6.38E-08 2.395E-13 3.965E-10 2.77E-03  1.0000
    9900   1005.53 1.02E-01 8.688E-04 2.756E-03 6.265E-03 2.092E-02  6.35E-08 2.584E-13 3.925E-10 2.76E-03  1.0000
    9950   1010.62 1.02E-01 8.652E-04 2.740E-03 6.232E-03 2.089E-02  6.32E-08 3.155E-13 3.884E-10 2.74E-03  1.0000
   10000   1015.71 1.02E-01 8.615E-04 2.725E-03 6.200E-03 2.085E-02  6.28E-08 3.132E-13 3.844E-10 2.72E-03  1.0000
   10050   1020.79 1.02E-01 8.579E-04 2.710E-03 6.168E-03 2.081E-02  6.25E-08 1.706E-13 3.805E-10 2.71E-03  1.0000
   10100   1025.88 1.02E-01 8.544E-04 2.695E-03 6.137E-03 2.077E-02  6.22E-08 2.656E-13 3.766E-10 2.69E-03  1.0000
   10150   1030.97 1.02E-01 8.508E-04 2.688E-03 6.105E-03 2.072E-02  6.18E-08 3.788E-13 3.727E-10 2.69E-03  1.0000
   10200   1036.06 1.02E-01 8.473E-04 2.686E-03 6.074E-03 2.068E-02  6.15E-08 1.414E-13 3.689E-10 2.69E-03  1.0000
   10250   1041.15 1.02E-01 8.438E-04 2.683E-03 6.043E-03 2.063E-02  6.12E-08 2.011E-13 3.652E-10 2.68E-03  1.0000
   10300   1046.23 1.02E-01 8.403E-04 2.678E-03 6.012E-03 2.059E-02  6.08E-08 3.596E-13 3.614E-10 2.68E-03  1.0000
   10350   1051.32 1.02E-01 8.369E-04 2.673E-03 5.981E-03 2.054E-02  6.05E-08 1.806E-13 3.578E-10 2.67E-03  1.0000
   10400   1056.41 1.02E-01 8.334E-04 2.668E-03 5.951E-03 2.049E-02  6.02E-08 1.696E-13 3.541E-10 2.67E-03  1.0000
   10450   1061.50 1.02E-01 8.300E-04 2.662E-03 5.921E-03 2.044E-02  5.98E-08 2.666E-13 3.506E-10 2.66E-03  1.0000
   10500   1066.59 1.02E-01 8.266E-04 2.654E-03 5.891E-03 2.038E-02  5.95E-08 2.582E-13 3.470E-10 2.65E-03  1.0000
   10550   1071.68 1.02E-01 8.233E-04 2.646E-03 5.861E-03 2.040E-02  5.92E-08 1.809E-13 3.435E-10 2.65E-03  1.0000
   10600   1076.77 1.02E-01 8.199E-04 2.637E-03 5.832E-03 2.046E-02  5.88E-08 1.493E-13 3.401E-10 2.64E-03  1.0000
   10650   1081.86 1.02E-01 8.166E-04 2.627E-03 5.802E-03 2.051E-02  5.85E-08 2.976E-13 3.367E-10 2.63E-03  1.0000
   10700   1086.95 1.02E-01 8.133E-04 2.620E-03 5.773E-03 2.056E-02  5.81E-08 2.106E-13 3.333E-10 2.62E-03  1.0000
   10750   1092.04 1.02E-01 8.100E-04 2.632E-03 5.744E-03 2.059E-02  5.78E-08 8.923E-14 3.299E-10 2.63E-03  1.0000
   10800   1097.12 1.02E-01 8.068E-04 2.644E-03 5.715E-03 2.062E-02  5.75E-08 2.689E-13 3.267E-10 2.64E-03  1.0000
   10850   1102.21 1.02E-01 8.035E-04 2.654E-03 5.687E-03 2.063E-02  5.71E-08 2.210E-13 3.234E-10 2.65E-03  1.0000
   10900   1107.30 1.02E-01 8.003E-04 2.663E-03 5.658E-03 2.064E-02  5.68E-08 1.107E-13 3.202E-10 2.66E-03  1.0000
   10950   1112.39 1.02E-01 7.971E-04 2.671E-03 5.630E-03 2.064E-02  5.64E-08 2.131E-13 3.170E-10 2.67E-03  1.0000
