#---it--------t-------dt-------urms------umax------orms------omax------oum------divu2m-----epsK-----rumax----rhom--
       0      0.00 2.21E-02 1.354E-04 3.130E-04 3.045E-03 6.601E-03 -2.80E-08 1.866E-38 9.272E-11 3.13E-04  1.0000
      50      1.10 2.21E-02 1.346E-04 3.103E-04 2.992E-03 6.474E-03 -2.79E-08 5.991E-39 8.951E-11 3.10E-04  1.0000
     100      2.21 2.21E-02 1.339E-04 3.077E-04 2.941E-03 6.351E-03 -2.77E-08 3.981E-39 8.650E-11 3.08E-04  1.0000
     150      3.31 2.21E-02 1.331E-04 3.051E-04 2.893E-03 6.231E-03 -2.75E-08 4.196E-39 8.368E-11 3.05E-04  1.0000
     200      4.42 2.21E-02 1.324E-04 3.025E-04 2.847E-03 6.116E-03 -2.73E-08 3.560E-39 8.104E-11 3.03E-04  1.0000
     250      5.52 2.21E-02 1.317E-04 3.000E-04 2.803E-03 6.004E-03 -2.71E-08 1.774E-39 7.855E-11 3.00E-04  1.0000
     300      6.63 2.21E-02 1.311E-04 2.976E-04 2.760E-03 5.896E-03 -2.69E-08 2.528E-39 7.620E-11 2.98E-04  1.0000
     350      7.73 2.21E-02 1.304E-04 2.951E-04 2.720E-03 5.791E-03 -2.67E-08 1.947E-39 7.399E-11 2.95E-04  1.0000
     400      8.84 2.21E-02 1.298E-04 2.928E-04 2.681E-03 5.689E-03 -2.65E-08 2.039E-39 7.189E-11 2.93E-04  1.0000
     450      9.94 2.21E-02 1.292E-04 2.905E-04 2.644E-03 5.590E-03 -2.63E-08 1.944E-39 6.991E-11 2.90E-04  1.0000
     500     11.04 2.21E-02 1.286E-04 2.882E-04 2.608E-03 5.493E-03 -2.61E-08 2.168E-39 6.804E-11 2.88E-04  1.0000
     550     12.15 2.21E-02 1.280E-04 2.859E-04 2.574E-03 5.418E-03 -2.59E-08 2.287E-39 6.626E-11 2.86E-04  1.0000
     600     13.25 2.21E-02 1.274E-04 2.837E-04 2.541E-03 5.351E-03 -2.57E-08 2.723E-39 6.457E-11 2.84E-04  1.0000
     650     14.36 2.21E-02 1.268E-04 2.816E-04 2.509E-03 5.286E-03 -2.54E-08 1.835E-39 6.296E-11 2.82E-04  1.0000
     700     15.46 2.21E-02 1.263E-04 2.794E-04 2.479E-03 5.222E-03 -2.52E-08 2.338E-39 6.143E-11 2.79E-04  1.0000
     750     16.57 2.21E-02 1.257E-04 2.777E-04 2.449E-03 5.160E-03 -2.50E-08 2.093E-39 5.997E-11 2.78E-04  1.0000
     800     17.67 2.21E-02 1.252E-04 2.765E-04 2.420E-03 5.099E-03 -2.47E-08 1.235E-39 5.858E-11 2.76E-04  1.0000
     850     18.78 2.21E-02 1.247E-04 2.752E-04 2.393E-03 5.039E-03 -2.45E-08 1.184E-39 5.725E-11 2.75E-04  1.0000
     900     19.88 2.21E-02 1.242E-04 2.740E-04 2.366E-03 4.981E-03 -2.43E-08 1.507E-39 5.598E-11 2.74E-04  1.0000
     950     20.98 2.21E-02 1.237E-04 2.729E-04 2.340E-03 4.924E-03 -2.40E-08 1.116E-39 5.476E-11 2.73E-04  1.0000
    1000     22.09 2.21E-02 1.232E-04 2.717E-04 2.315E-03 4.883E-03 -2.38E-08 4.032E-40 5.360E-11 2.72E-04  1.0000
    1050     23.19 2.21E-02 1.227E-04 2.705E-04 2.291E-03 4.842E-03 -2.36E-08 1.270E-39 5.248E-11 2.71E-04  1.0000
