     t          kpm          kmax         Hmax         ksec         Hsec          Hp           Hm           HHp         HHm          HH0         mu5rms      mu5rms_ts     mu5m_ts       EMag         HMag        xiMag        xiHel
1.00456e+00  0.00000e+00  5.30000e+01  0.00000e+00  6.00000e+00 -0.00000e+00  0.00000e+00  0.00000e+00  0.00000e+00  0.00000e+00  0.00000e+00  0.00000e+00  0.00000e+00  0.00000e+00  4.98774e-03  8.04640e-06  1.27592e-02  1.56840e-02
1.50376e+00  0.00000e+00  5.30000e+01  0.00000e+00  6.00000e+00 -0.00000e+00  0.00000e+00  0.00000e+00  0.00000e+00  0.00000e+00  0.00000e+00  0.00000e+00  0.00000e+00  0.00000e+00  4.08728e-03  8.01002e-06  1.35109e-02  1.67136e-02
2.00300e+00  0.00000e+00  5.30000e+01  0.00000e+00  6.00000e+00 -0.00000e+00  0.00000e+00  0.00000e+00  0.00000e+00  0.00000e+00  0.00000e+00  0.00000e+00  0.00000e+00  0.00000e+00  3.51819e-03  7.97063e-06  1.40793e-02  1.75571e-02
2.50446e+00  0.00000e+00  4.80000e+01  0.00000e+00  6.00000e+00 -0.00000e+00  0.00000e+00  0.00000e+00  0.00000e+00  0.00000e+00  0.00000e+00  0.00000e+00  0.00000e+00  0.00000e+00  3.10558e-03  7.93443e-06  1.45863e-02  1.83023e-02
3.00333e+00  0.00000e+00  4.90000e+01  0.00000e+00  6.00000e+00 -0.00000e+00  0.00000e+00  0.00000e+00  0.00000e+00  0.00000e+00  0.00000e+00  0.00000e+00  0.00000e+00  0.00000e+00  2.78832e-03  7.90501e-06  1.50574e-02  1.89819e-02
3.50406e+00  0.00000e+00  4.40000e+01  0.00000e+00  2.00000e+00 -0.00000e+00  0.00000e+00  0.00000e+00  0.00000e+00  0.00000e+00  0.00000e+00  0.00000e+00  0.00000e+00  0.00000e+00  2.53011e-03  7.87100e-06  1.55086e-02  1.96248e-02
4.00422e+00  0.00000e+00  4.40000e+01  0.00000e+00  2.00000e+00 -0.00000e+00  0.00000e+00  0.00000e+00  0.00000e+00  0.00000e+00  0.00000e+00  0.00000e+00  0.00000e+00  0.00000e+00  2.31592e-03  7.84407e-06  1.59456e-02  2.02474e-02
4.50268e+00  0.00000e+00  4.40000e+01  0.00000e+00  2.00000e+00 -0.00000e+00  0.00000e+00  0.00000e+00  0.00000e+00  0.00000e+00  0.00000e+00  0.00000e+00  0.00000e+00  0.00000e+00  2.13343e-03  7.81918e-06  1.63718e-02  2.08417e-02
5.00465e+00  0.00000e+00  4.30000e+01  0.00000e+00  2.00000e+00 -0.00000e+00  0.00000e+00  0.00000e+00  0.00000e+00  0.00000e+00  0.00000e+00  0.00000e+00  0.00000e+00  0.00000e+00  1.97523e-03  7.79619e-06  1.67888e-02  2.14262e-02
5.50361e+00  0.00000e+00  4.30000e+01  0.00000e+00  2.00000e+00 -0.00000e+00  0.00000e+00  0.00000e+00  0.00000e+00  0.00000e+00  0.00000e+00  0.00000e+00  0.00000e+00  0.00000e+00  1.83724e-03  7.77538e-06  1.71946e-02  2.19880e-02
6.00388e+00  4.99014e+02  3.80000e+01  0.00000e+00  0.00000e+00  0.00000e+00  0.00000e+00  0.00000e+00  0.00000e+00  0.00000e+00  0.00000e+00  0.00000e+00  0.00000e+00  0.00000e+00  1.71551e-03  7.74986e-06  1.76002e-02  2.25360e-02
6.50375e+00  4.04360e+02  3.80000e+01  0.00000e+00  0.00000e+00  0.00000e+00  0.00000e+00  0.00000e+00  0.00000e+00  0.00000e+00  0.00000e+00  0.00000e+00  0.00000e+00  0.00000e+00  1.60726e-03  7.72874e-06  1.79932e-02  2.30747e-02
7.00263e+00  4.56810e+02  3.40000e+01  0.00000e+00  0.00000e+00  0.00000e+00  0.00000e+00  0.00000e+00  0.00000e+00  0.00000e+00  0.00000e+00  0.00000e+00  0.00000e+00  0.00000e+00  1.51045e-03  7.70859e-06  1.83830e-02  2.36038e-02
7.50323e+00  5.16409e+02  3.40000e+01  0.00000e+00  0.00000e+00 -0.00000e+00  0.00000e+00  0.00000e+00  0.00000e+00  0.00000e+00  0.00000e+00  0.00000e+00  0.00000e+00  0.00000e+00  1.42371e-03  7.69100e-06  1.87691e-02  2.41217e-02
8.00463e+00  5.18746e+02  3.40000e+01  0.00000e+00  0.00000e+00  0.00000e+00  0.00000e+00  0.00000e+00  0.00000e+00  0.00000e+00  0.00000e+00  0.00000e+00  0.00000e+00  0.00000e+00  1.34407e-03  7.67361e-06  1.91477e-02  2.46332e-02
8.50482e+00  4.96327e+02  3.40000e+01  0.00000e+00  0.00000e+00 -0.00000e+00  0.00000e+00  0.00000e+00  0.00000e+00  0.00000e+00  0.00000e+00  0.00000e+00  0.00000e+00  0.00000e+00  1.27291e-03  7.64987e-06  1.95230e-02  2.51261e-02
9.00377e+00  4.92440e+02  3.40000e+01  0.00000e+00  0.00000e+00 -0.00000e+00  0.00000e+00  0.00000e+00  0.00000e+00  0.00000e+00  0.00000e+00  0.00000e+00  0.00000e+00  0.00000e+00  1.20811e-03  7.63930e-06  1.98937e-02  2.56194e-02
9.50328e+00  4.43214e+02  3.10000e+01  0.00000e+00  0.00000e+00 -0.00000e+00  0.00000e+00  0.00000e+00  0.00000e+00  0.00000e+00  0.00000e+00  0.00000e+00  0.00000e+00  0.00000e+00  1.14808e-03  7.62498e-06  2.02573e-02  2.60989e-02
1.00046e+01  4.49328e+02  3.10000e+01  0.00000e+00  0.00000e+00  0.00000e+00  0.00000e+00  0.00000e+00  0.00000e+00  0.00000e+00  0.00000e+00  0.00000e+00  0.00000e+00  0.00000e+00  1.09363e-03  7.60567e-06  2.06226e-02  2.65745e-02
1.05033e+01  4.18091e-03  3.10000e+01  0.00000e+00  0.00000e+00  0.00000e+00  0.00000e+00  0.00000e+00  0.00000e+00  0.00000e+00  0.00000e+00  0.00000e+00  0.00000e+00  0.00000e+00  1.04337e-03  7.58916e-06  2.09795e-02  2.70437e-02
1.10029e+01  4.80830e+02  3.10000e+01  0.00000e+00  0.00000e+00 -0.00000e+00  0.00000e+00  0.00000e+00  0.00000e+00  0.00000e+00  0.00000e+00  0.00000e+00  0.00000e+00  0.00000e+00  9.96707e-04  7.58175e-06  2.13291e-02  2.75134e-02
1.15039e+01 -1.12915e-03  3.10000e+01  0.00000e+00  0.00000e+00 -0.00000e+00  0.00000e+00  0.00000e+00  0.00000e+00  0.00000e+00  0.00000e+00  0.00000e+00  0.00000e+00  0.00000e+00  9.53551e-04  7.56352e-06  2.16791e-02  2.79705e-02
1.20029e+01  4.60035e+02  3.10000e+01  0.00000e+00  0.00000e+00  0.00000e+00  0.00000e+00  0.00000e+00  0.00000e+00  0.00000e+00  0.00000e+00  0.00000e+00  0.00000e+00  0.00000e+00  9.13628e-04  7.55032e-06  2.20265e-02  2.84134e-02
1.25045e+01  5.25807e+02  3.10000e+01  0.00000e+00  0.00000e+00 -0.00000e+00  0.00000e+00  0.00000e+00  0.00000e+00  0.00000e+00  0.00000e+00  0.00000e+00  0.00000e+00  0.00000e+00  8.76164e-04  7.53820e-06  2.23654e-02  2.88562e-02
1.30044e+01  4.45956e+02  3.10000e+01  0.00000e+00  0.00000e+00 -0.00000e+00  0.00000e+00  0.00000e+00  0.00000e+00  0.00000e+00  0.00000e+00  0.00000e+00  0.00000e+00  0.00000e+00  8.41542e-04  7.52241e-06  2.27062e-02  2.92876e-02
1.35035e+01  4.53761e+02  3.10000e+01  0.00000e+00  0.00000e+00  0.00000e+00  0.00000e+00  0.00000e+00  0.00000e+00  0.00000e+00  0.00000e+00  0.00000e+00  0.00000e+00  0.00000e+00  8.09264e-04  7.51230e-06  2.30371e-02  2.97141e-02
1.40038e+01  5.81441e+02  3.10000e+01  0.00000e+00  0.00000e+00 -0.00000e+00  0.00000e+00  0.00000e+00  0.00000e+00  0.00000e+00  0.00000e+00  0.00000e+00  0.00000e+00  0.00000e+00  7.78973e-04  7.49965e-06  2.33698e-02  3.01396e-02
1.45040e+01  3.36559e+02  3.10000e+01  0.00000e+00  0.00000e+00 -0.00000e+00  0.00000e+00  0.00000e+00  0.00000e+00  0.00000e+00  0.00000e+00  0.00000e+00  0.00000e+00  0.00000e+00  7.50476e-04  7.49035e-06  2.36942e-02  3.05548e-02
1.50028e+01  5.65560e+02  3.10000e+01  0.00000e+00  0.00000e+00 -0.00000e+00  0.00000e+00  0.00000e+00  0.00000e+00  0.00000e+00  0.00000e+00  0.00000e+00  0.00000e+00  0.00000e+00  7.23936e-04  7.47698e-06  2.40196e-02  3.09622e-02
1.55048e+01  4.91640e+02  2.80000e+01  0.00000e+00  0.00000e+00 -0.00000e+00  0.00000e+00  0.00000e+00  0.00000e+00  0.00000e+00  0.00000e+00  0.00000e+00  0.00000e+00  0.00000e+00  6.98838e-04  7.46716e-06  2.43451e-02  3.13716e-02
1.60044e+01  4.80240e+02  2.80000e+01  0.00000e+00  0.00000e+00 -0.00000e+00  0.00000e+00  0.00000e+00  0.00000e+00  0.00000e+00  0.00000e+00  0.00000e+00  0.00000e+00  0.00000e+00  6.75154e-04  7.46063e-06  2.46617e-02  3.17845e-02
1.65038e+01  3.63643e+02  2.80000e+01  0.00000e+00  0.00000e+00 -0.00000e+00  0.00000e+00  0.00000e+00  0.00000e+00  0.00000e+00  0.00000e+00  0.00000e+00  0.00000e+00  0.00000e+00  6.52998e-04  7.44895e-06  2.49735e-02  3.21830e-02
1.70034e+01  5.29426e+02  2.80000e+01  0.00000e+00  0.00000e+00 -0.00000e+00  0.00000e+00  0.00000e+00  0.00000e+00  0.00000e+00  0.00000e+00  0.00000e+00  0.00000e+00  0.00000e+00  6.32225e-04  7.43717e-06  2.52931e-02  3.25865e-02
1.75037e+01  6.55459e+02  2.70000e+01  0.00000e+00  0.00000e+00 -0.00000e+00  0.00000e+00  0.00000e+00  0.00000e+00  0.00000e+00  0.00000e+00  0.00000e+00  0.00000e+00  0.00000e+00  6.12213e-04  7.42747e-06  2.55979e-02  3.29760e-02
1.80043e+01  5.44874e+02  2.70000e+01  0.00000e+00  0.00000e+00  0.00000e+00  0.00000e+00  0.00000e+00  0.00000e+00  0.00000e+00  0.00000e+00  0.00000e+00  0.00000e+00  0.00000e+00  5.93526e-04  7.41940e-06  2.59073e-02  3.33724e-02
1.85033e+01  5.53583e+02  2.70000e+01  0.00000e+00  0.00000e+00  0.00000e+00  0.00000e+00  0.00000e+00  0.00000e+00  0.00000e+00  0.00000e+00  0.00000e+00  0.00000e+00  0.00000e+00  5.75680e-04  7.40904e-06  2.62091e-02  3.37497e-02
1.90041e+01  5.45438e+02  2.70000e+01  0.00000e+00  0.00000e+00  0.00000e+00  0.00000e+00  0.00000e+00  0.00000e+00  0.00000e+00  0.00000e+00  0.00000e+00  0.00000e+00  0.00000e+00  5.58684e-04  7.40125e-06  2.65102e-02  3.41339e-02
1.95046e+01  7.27964e+02  2.50000e+01  0.00000e+00  0.00000e+00 -0.00000e+00  0.00000e+00  0.00000e+00  0.00000e+00  0.00000e+00  0.00000e+00  0.00000e+00  0.00000e+00  0.00000e+00  5.42665e-04  7.39193e-06  2.68078e-02  3.45083e-02
2.00030e+01  8.87926e+02  2.50000e+01  0.00000e+00  0.00000e+00  0.00000e+00  0.00000e+00  0.00000e+00  0.00000e+00  0.00000e+00  0.00000e+00  0.00000e+00  0.00000e+00  0.00000e+00  5.27320e-04  7.38514e-06  2.70989e-02  3.48829e-02
2.05043e+01  4.78037e+02  2.50000e+01  0.00000e+00  0.00000e+00  0.00000e+00  0.00000e+00  0.00000e+00  0.00000e+00  0.00000e+00  0.00000e+00  0.00000e+00  0.00000e+00  0.00000e+00  5.12915e-04  7.37450e-06  2.73959e-02  3.52514e-02
2.10032e+01  5.23769e+02  2.50000e+01  0.00000e+00  0.00000e+00  0.00000e+00  0.00000e+00  0.00000e+00  0.00000e+00  0.00000e+00  0.00000e+00  0.00000e+00  0.00000e+00  0.00000e+00  4.99132e-04  7.36760e-06  2.76872e-02  3.56115e-02
2.15052e+01  5.24065e+02  2.40000e+01  0.00000e+00  0.00000e+00  0.00000e+00  0.00000e+00  0.00000e+00  0.00000e+00  0.00000e+00  0.00000e+00  0.00000e+00  0.00000e+00  0.00000e+00  4.86077e-04  7.36053e-06  2.79799e-02  3.59767e-02
2.20027e+01  7.72180e+02  2.30000e+01  0.00000e+00  0.00000e+00 -0.00000e+00  0.00000e+00  0.00000e+00  0.00000e+00  0.00000e+00  0.00000e+00  0.00000e+00  0.00000e+00  0.00000e+00  4.73482e-04  7.35178e-06  2.82597e-02  3.63347e-02
2.25036e+01  5.40685e+02  2.30000e+01  0.00000e+00  0.00000e+00  0.00000e+00  0.00000e+00  0.00000e+00  0.00000e+00  0.00000e+00  0.00000e+00  0.00000e+00  0.00000e+00  0.00000e+00  4.61318e-04  7.34274e-06  2.85411e-02  3.66953e-02
2.30046e+01  5.44981e+02  2.30000e+01  0.00000e+00  0.00000e+00 -0.00000e+00  0.00000e+00  0.00000e+00  0.00000e+00  0.00000e+00  0.00000e+00  0.00000e+00  0.00000e+00  0.00000e+00  4.49975e-04  7.33417e-06  2.88277e-02  3.70438e-02
2.35041e+01  5.29315e+02  2.30000e+01  0.00000e+00  0.00000e+00  0.00000e+00  0.00000e+00  0.00000e+00  0.00000e+00  0.00000e+00  0.00000e+00  0.00000e+00  0.00000e+00  0.00000e+00  4.38948e-04  7.32636e-06  2.91044e-02  3.73918e-02
2.40033e+01  5.23935e+02  2.30000e+01  0.00000e+00  0.00000e+00  0.00000e+00  0.00000e+00  0.00000e+00  0.00000e+00  0.00000e+00  0.00000e+00  0.00000e+00  0.00000e+00  0.00000e+00  4.28368e-04  7.32062e-06  2.93820e-02  3.77372e-02
2.45043e+01  5.38896e+02  2.30000e+01  0.00000e+00  0.00000e+00  0.00000e+00  0.00000e+00  0.00000e+00  0.00000e+00  0.00000e+00  0.00000e+00  0.00000e+00  0.00000e+00  0.00000e+00  4.18373e-04  7.31673e-06  2.96559e-02  3.80844e-02
2.50027e+01  4.08481e+02  2.30000e+01  0.00000e+00  0.00000e+00  0.00000e+00  0.00000e+00  0.00000e+00  0.00000e+00  0.00000e+00  0.00000e+00  0.00000e+00  0.00000e+00  0.00000e+00  4.08602e-04  7.30869e-06  2.99241e-02  3.84232e-02
2.55032e+01  4.91099e+02  2.10000e+01  0.00000e+00  0.00000e+00 -0.00000e+00  0.00000e+00  0.00000e+00  0.00000e+00  0.00000e+00  0.00000e+00  0.00000e+00  0.00000e+00  0.00000e+00  3.99551e-04  7.30187e-06  3.01987e-02  3.87615e-02
2.60037e+01  3.75366e-03  2.10000e+01  0.00000e+00  0.00000e+00 -0.00000e+00  0.00000e+00  0.00000e+00  0.00000e+00  0.00000e+00  0.00000e+00  0.00000e+00  0.00000e+00  0.00000e+00  3.90627e-04  7.29175e-06  3.04696e-02  3.90943e-02
2.65031e+01  5.18664e+02  2.10000e+01  0.00000e+00  0.00000e+00  0.00000e+00  0.00000e+00  0.00000e+00  0.00000e+00  0.00000e+00  0.00000e+00  0.00000e+00  0.00000e+00  0.00000e+00  3.82101e-04  7.28764e-06  3.07310e-02  3.94255e-02
2.70043e+01  5.42453e+02  2.10000e+01  0.00000e+00  0.00000e+00 -0.00000e+00  0.00000e+00  0.00000e+00  0.00000e+00  0.00000e+00  0.00000e+00  0.00000e+00  0.00000e+00  0.00000e+00  3.73972e-04  7.28139e-06  3.09988e-02  3.97566e-02
2.75032e+01  4.27580e+02  2.10000e+01  0.00000e+00  0.00000e+00 -0.00000e+00  0.00000e+00  0.00000e+00  0.00000e+00  0.00000e+00  0.00000e+00  0.00000e+00  0.00000e+00  0.00000e+00  3.66023e-04  7.27296e-06  3.12603e-02  4.00733e-02
2.80040e+01  4.79209e+02  2.10000e+01  0.00000e+00  0.00000e+00  0.00000e+00  0.00000e+00  0.00000e+00  0.00000e+00  0.00000e+00  0.00000e+00  0.00000e+00  0.00000e+00  0.00000e+00  3.58476e-04  7.26894e-06  3.15263e-02  4.03964e-02
2.85028e+01  5.63481e+02  2.10000e+01  0.00000e+00  0.00000e+00  0.00000e+00  0.00000e+00  0.00000e+00  0.00000e+00  0.00000e+00  0.00000e+00  0.00000e+00  0.00000e+00  0.00000e+00  3.51185e-04  7.26046e-06  3.17850e-02  4.07138e-02
2.90041e+01  5.26219e+02  2.10000e+01  0.00000e+00  0.00000e+00 -0.00000e+00  0.00000e+00  0.00000e+00  0.00000e+00  0.00000e+00  0.00000e+00  0.00000e+00  0.00000e+00  0.00000e+00  3.44087e-04  7.25680e-06  3.20401e-02  4.10318e-02
2.95052e+01  5.28299e+02  2.10000e+01  0.00000e+00  0.00000e+00  0.00000e+00  0.00000e+00  0.00000e+00  0.00000e+00  0.00000e+00  0.00000e+00  0.00000e+00  0.00000e+00  0.00000e+00  3.37323e-04  7.24941e-06  3.23001e-02  4.13454e-02
3.00031e+01  5.20410e+02  2.10000e+01  0.00000e+00  0.00000e+00 -0.00000e+00  0.00000e+00  0.00000e+00  0.00000e+00  0.00000e+00  0.00000e+00  0.00000e+00  0.00000e+00  0.00000e+00  3.30829e-04  7.24308e-06  3.25498e-02  4.16562e-02
3.05033e+01  5.36235e+02  2.10000e+01  0.00000e+00  0.00000e+00  0.00000e+00  0.00000e+00  0.00000e+00  0.00000e+00  0.00000e+00  0.00000e+00  0.00000e+00  0.00000e+00  0.00000e+00  3.24523e-04  7.23713e-06  3.28012e-02  4.19655e-02
3.10050e+01  4.40592e+02  2.10000e+01  0.00000e+00  0.00000e+00  0.00000e+00  0.00000e+00  0.00000e+00  0.00000e+00  0.00000e+00  0.00000e+00  0.00000e+00  0.00000e+00  0.00000e+00  3.18394e-04  7.23214e-06  3.30553e-02  4.22787e-02
3.15035e+01  5.32789e+02  2.10000e+01  0.00000e+00  0.00000e+00 -0.00000e+00  0.00000e+00  0.00000e+00  0.00000e+00  0.00000e+00  0.00000e+00  0.00000e+00  0.00000e+00  0.00000e+00  3.12498e-04  7.22672e-06  3.33065e-02  4.25811e-02
3.20043e+01  5.29157e+02  2.10000e+01  0.00000e+00  0.00000e+00 -0.00000e+00  0.00000e+00  0.00000e+00  0.00000e+00  0.00000e+00  0.00000e+00  0.00000e+00  0.00000e+00  0.00000e+00  3.06790e-04  7.22335e-06  3.35535e-02  4.28809e-02
3.25034e+01  5.26367e+02  2.10000e+01  0.00000e+00  0.00000e+00  0.00000e+00  0.00000e+00  0.00000e+00  0.00000e+00  0.00000e+00  0.00000e+00  0.00000e+00  0.00000e+00  0.00000e+00  3.01314e-04  7.21490e-06  3.38015e-02  4.31728e-02
3.30029e+01  5.37340e+02  2.10000e+01  0.00000e+00  0.00000e+00  0.00000e+00  0.00000e+00  0.00000e+00  0.00000e+00  0.00000e+00  0.00000e+00  0.00000e+00  0.00000e+00  0.00000e+00  2.95967e-04  7.21116e-06  3.40468e-02  4.34775e-02
3.35031e+01  4.86939e+02  2.10000e+01  0.00000e+00  0.00000e+00  0.00000e+00  0.00000e+00  0.00000e+00  0.00000e+00  0.00000e+00  0.00000e+00  0.00000e+00  0.00000e+00  0.00000e+00  2.90829e-04  7.20627e-06  3.42916e-02  4.37677e-02
3.40033e+01  4.90637e+02  2.10000e+01  0.00000e+00  0.00000e+00 -0.00000e+00  0.00000e+00  0.00000e+00  0.00000e+00  0.00000e+00  0.00000e+00  0.00000e+00  0.00000e+00  0.00000e+00  2.85815e-04  7.20003e-06  3.45339e-02  4.40619e-02
3.45048e+01  4.75855e+02  2.10000e+01  0.00000e+00  0.00000e+00 -0.00000e+00  0.00000e+00  0.00000e+00  0.00000e+00  0.00000e+00  0.00000e+00  0.00000e+00  0.00000e+00  0.00000e+00  2.80942e-04  7.19430e-06  3.47760e-02  4.43534e-02
3.50036e+01  4.20338e+02  2.10000e+01  0.00000e+00  0.00000e+00  0.00000e+00  0.00000e+00  0.00000e+00  0.00000e+00  0.00000e+00  0.00000e+00  0.00000e+00  0.00000e+00  0.00000e+00  2.76207e-04  7.18781e-06  3.50162e-02  4.46350e-02
3.55042e+01  4.64132e+02  2.10000e+01  0.00000e+00  0.00000e+00 -0.00000e+00  0.00000e+00  0.00000e+00  0.00000e+00  0.00000e+00  0.00000e+00  0.00000e+00  0.00000e+00  0.00000e+00  2.71700e-04  7.18542e-06  3.52530e-02  4.49247e-02
3.60036e+01  5.26388e+02  1.70000e+01  0.00000e+00  0.00000e+00  0.00000e+00  0.00000e+00  0.00000e+00  0.00000e+00  0.00000e+00  0.00000e+00  0.00000e+00  0.00000e+00  0.00000e+00  2.67285e-04  7.18079e-06  3.54932e-02  4.52096e-02
3.65029e+01  5.26519e+02  1.70000e+01  0.00000e+00  0.00000e+00 -0.00000e+00  0.00000e+00  0.00000e+00  0.00000e+00  0.00000e+00  0.00000e+00  0.00000e+00  0.00000e+00  0.00000e+00  2.63010e-04  7.17409e-06  3.57327e-02  4.54951e-02
3.70032e+01  5.36943e+02  1.70000e+01  0.00000e+00  0.00000e+00  0.00000e+00  0.00000e+00  0.00000e+00  0.00000e+00  0.00000e+00  0.00000e+00  0.00000e+00  0.00000e+00  0.00000e+00  2.58866e-04  7.17264e-06  3.59677e-02  4.57760e-02
3.75040e+01  5.30391e+02  1.70000e+01  0.00000e+00  0.00000e+00  0.00000e+00  0.00000e+00  0.00000e+00  0.00000e+00  0.00000e+00  0.00000e+00  0.00000e+00  0.00000e+00  0.00000e+00  2.54785e-04  7.16756e-06  3.62028e-02  4.60521e-02
3.80045e+01  5.51530e+02  1.70000e+01  0.00000e+00  0.00000e+00 -0.00000e+00  0.00000e+00  0.00000e+00  0.00000e+00  0.00000e+00  0.00000e+00  0.00000e+00  0.00000e+00  0.00000e+00  2.50860e-04  7.16018e-06  3.64359e-02  4.63270e-02
3.85031e+01  5.39601e+02  1.70000e+01  0.00000e+00  0.00000e+00  0.00000e+00  0.00000e+00  0.00000e+00  0.00000e+00  0.00000e+00  0.00000e+00  0.00000e+00  0.00000e+00  0.00000e+00  2.47039e-04  7.15684e-06  3.66649e-02  4.66006e-02
3.90030e+01  0.00000e+00  1.70000e+01  0.00000e+00  1.00000e+00 -0.00000e+00 -0.00000e+00  0.00000e+00  0.00000e+00  0.00000e+00  0.00000e+00  0.00000e+00  0.00000e+00  0.00000e+00  2.43346e-04  7.15404e-06  3.68969e-02  4.68730e-02
3.95033e+01  0.00000e+00  1.70000e+01  0.00000e+00  1.00000e+00 -0.00000e+00 -0.00000e+00  0.00000e+00  0.00000e+00  0.00000e+00  0.00000e+00  0.00000e+00  0.00000e+00  0.00000e+00  2.39734e-04  7.14683e-06  3.71311e-02  4.71381e-02
4.00033e+01  0.00000e+00  1.70000e+01  0.00000e+00  1.00000e+00 -0.00000e+00 -0.00000e+00  0.00000e+00  0.00000e+00  0.00000e+00  0.00000e+00  0.00000e+00  0.00000e+00  0.00000e+00  2.36226e-04  7.14416e-06  3.73587e-02  4.74076e-02
4.05034e+01  0.00000e+00  1.70000e+01  0.00000e+00  1.00000e+00 -0.00000e+00 -0.00000e+00  0.00000e+00  0.00000e+00  0.00000e+00  0.00000e+00  0.00000e+00  0.00000e+00  0.00000e+00  2.32808e-04  7.13898e-06  3.75896e-02  4.76735e-02
4.10041e+01  0.00000e+00  1.70000e+01  0.00000e+00  1.00000e+00 -0.00000e+00 -0.00000e+00  0.00000e+00  0.00000e+00  0.00000e+00  0.00000e+00  0.00000e+00  0.00000e+00  0.00000e+00  2.29501e-04  7.13604e-06  3.78154e-02  4.79367e-02
4.15034e+01  0.00000e+00  1.70000e+01  0.00000e+00  1.00000e+00 -0.00000e+00 -0.00000e+00  0.00000e+00  0.00000e+00  0.00000e+00  0.00000e+00  0.00000e+00  0.00000e+00  0.00000e+00  2.26263e-04  7.12807e-06  3.80400e-02  4.81938e-02
4.20045e+01  0.00000e+00  1.70000e+01  0.00000e+00  1.00000e+00 -0.00000e+00 -0.00000e+00  0.00000e+00  0.00000e+00  0.00000e+00  0.00000e+00  0.00000e+00  0.00000e+00  0.00000e+00  2.23096e-04  7.12721e-06  3.82620e-02  4.84556e-02
4.25054e+01  0.00000e+00  1.70000e+01  0.00000e+00  1.00000e+00 -0.00000e+00 -0.00000e+00  0.00000e+00  0.00000e+00  0.00000e+00  0.00000e+00  0.00000e+00  0.00000e+00  0.00000e+00  2.20038e-04  7.12228e-06  3.84906e-02  4.87151e-02
4.30048e+01  0.00000e+00  1.70000e+01  0.00000e+00  1.00000e+00 -0.00000e+00 -0.00000e+00  0.00000e+00  0.00000e+00  0.00000e+00  0.00000e+00  0.00000e+00  0.00000e+00  0.00000e+00  2.17054e-04  7.11551e-06  3.87122e-02  4.89739e-02
4.35033e+01  0.00000e+00  1.70000e+01  0.00000e+00  1.00000e+00 -0.00000e+00 -0.00000e+00  0.00000e+00  0.00000e+00  0.00000e+00  0.00000e+00  0.00000e+00  0.00000e+00  0.00000e+00  2.14145e-04  7.11350e-06  3.89369e-02  4.92248e-02
4.40052e+01  0.00000e+00  1.70000e+01  0.00000e+00  1.00000e+00 -0.00000e+00 -0.00000e+00  0.00000e+00  0.00000e+00  0.00000e+00  0.00000e+00  0.00000e+00  0.00000e+00  0.00000e+00  2.11300e-04  7.11058e-06  3.91571e-02  4.94797e-02
4.45033e+01  0.00000e+00  1.70000e+01  0.00000e+00  1.00000e+00 -0.00000e+00 -0.00000e+00  0.00000e+00  0.00000e+00  0.00000e+00  0.00000e+00  0.00000e+00  0.00000e+00  0.00000e+00  2.08543e-04  7.10709e-06  3.93799e-02  4.97284e-02
4.50051e+01  0.00000e+00  1.70000e+01  0.00000e+00  1.00000e+00 -0.00000e+00 -0.00000e+00  0.00000e+00  0.00000e+00  0.00000e+00  0.00000e+00  0.00000e+00  0.00000e+00  0.00000e+00  2.05855e-04  7.10126e-06  3.95987e-02  4.99805e-02
4.55051e+01  0.00000e+00  1.70000e+01  0.00000e+00  1.00000e+00 -0.00000e+00 -0.00000e+00  0.00000e+00  0.00000e+00  0.00000e+00  0.00000e+00  0.00000e+00  0.00000e+00  0.00000e+00  2.03246e-04  7.10000e-06  3.98163e-02  5.02320e-02
4.60054e+01  0.00000e+00  1.70000e+01  0.00000e+00  1.00000e+00 -0.00000e+00 -0.00000e+00  0.00000e+00  0.00000e+00  0.00000e+00  0.00000e+00  0.00000e+00  0.00000e+00  0.00000e+00  2.00660e-04  7.09301e-06  4.00363e-02  5.04754e-02
4.65053e+01  0.00000e+00  1.70000e+01  0.00000e+00  1.00000e+00 -0.00000e+00 -0.00000e+00  0.00000e+00  0.00000e+00  0.00000e+00  0.00000e+00  0.00000e+00  0.00000e+00  0.00000e+00  1.98156e-04  7.09152e-06  4.02590e-02  5.07263e-02
4.70030e+01  0.00000e+00  1.70000e+01  0.00000e+00  1.00000e+00 -0.00000e+00 -0.00000e+00  0.00000e+00  0.00000e+00  0.00000e+00  0.00000e+00  0.00000e+00  0.00000e+00  0.00000e+00  1.95722e-04  7.08581e-06  4.04740e-02  5.09684e-02
4.75052e+01  0.00000e+00  1.70000e+01  0.00000e+00  1.00000e+00 -0.00000e+00 -0.00000e+00  0.00000e+00  0.00000e+00  0.00000e+00  0.00000e+00  0.00000e+00  0.00000e+00  0.00000e+00  1.93296e-04  7.08374e-06  4.06903e-02  5.12180e-02
4.80051e+01  0.00000e+00  1.70000e+01  0.00000e+00  1.00000e+00 -0.00000e+00 -0.00000e+00  0.00000e+00  0.00000e+00  0.00000e+00  0.00000e+00  0.00000e+00  0.00000e+00  0.00000e+00  1.91014e-04  7.07832e-06  4.09043e-02  5.14627e-02
4.85032e+01  0.00000e+00  1.70000e+01  0.00000e+00  1.00000e+00 -0.00000e+00 -0.00000e+00  0.00000e+00  0.00000e+00  0.00000e+00  0.00000e+00  0.00000e+00  0.00000e+00  0.00000e+00  1.88705e-04  7.07709e-06  4.11183e-02  5.17004e-02
4.90039e+01  0.00000e+00  1.70000e+01  0.00000e+00  1.00000e+00 -0.00000e+00 -0.00000e+00  0.00000e+00  0.00000e+00  0.00000e+00  0.00000e+00  0.00000e+00  0.00000e+00  0.00000e+00  1.86411e-04  7.07260e-06  4.13343e-02  5.19461e-02
4.95048e+01  0.00000e+00  1.70000e+01  0.00000e+00  1.00000e+00 -0.00000e+00 -0.00000e+00  0.00000e+00  0.00000e+00  0.00000e+00  0.00000e+00  0.00000e+00  0.00000e+00  0.00000e+00  1.84276e-04  7.06809e-06  4.15499e-02  5.21869e-02
5.00030e+01  0.00000e+00  1.70000e+01  0.00000e+00  1.00000e+00 -0.00000e+00 -0.00000e+00  0.00000e+00  0.00000e+00  0.00000e+00  0.00000e+00  0.00000e+00  0.00000e+00  0.00000e+00  1.82146e-04  7.06542e-06  4.17582e-02  5.24201e-02
5.05045e+01  0.00000e+00  1.70000e+01  0.00000e+00  1.00000e+00 -0.00000e+00 -0.00000e+00  0.00000e+00  0.00000e+00  0.00000e+00  0.00000e+00  0.00000e+00  0.00000e+00  0.00000e+00  1.80050e-04  7.05978e-06  4.19717e-02  5.26628e-02
5.10029e+01  0.00000e+00  1.70000e+01  0.00000e+00  1.00000e+00 -0.00000e+00 -0.00000e+00  0.00000e+00  0.00000e+00  0.00000e+00  0.00000e+00  0.00000e+00  0.00000e+00  0.00000e+00  1.78021e-04  7.05730e-06  4.21790e-02  5.28974e-02
5.15040e+01  0.00000e+00  1.70000e+01  0.00000e+00  1.00000e+00 -0.00000e+00 -0.00000e+00  0.00000e+00  0.00000e+00  0.00000e+00  0.00000e+00  0.00000e+00  0.00000e+00  0.00000e+00  1.76018e-04  7.05479e-06  4.23957e-02  5.31381e-02
5.20054e+01  0.00000e+00  1.70000e+01  0.00000e+00  1.00000e+00 -0.00000e+00 -0.00000e+00  0.00000e+00  0.00000e+00  0.00000e+00  0.00000e+00  0.00000e+00  0.00000e+00  0.00000e+00  1.74076e-04  7.05262e-06  4.26057e-02  5.33704e-02
5.25038e+01  0.00000e+00  1.70000e+01  0.00000e+00  1.00000e+00 -0.00000e+00 -0.00000e+00  0.00000e+00  0.00000e+00  0.00000e+00  0.00000e+00  0.00000e+00  0.00000e+00  0.00000e+00  1.72149e-04  7.04830e-06  4.28127e-02  5.36050e-02
5.30042e+01  0.00000e+00  1.70000e+01  0.00000e+00  1.00000e+00 -0.00000e+00 -0.00000e+00  0.00000e+00  0.00000e+00  0.00000e+00  0.00000e+00  0.00000e+00  0.00000e+00  0.00000e+00  1.70262e-04  7.04469e-06  4.30170e-02  5.38374e-02
5.35054e+01  0.00000e+00  1.70000e+01  0.00000e+00  1.00000e+00 -0.00000e+00 -0.00000e+00  0.00000e+00  0.00000e+00  0.00000e+00  0.00000e+00  0.00000e+00  0.00000e+00  0.00000e+00  1.68434e-04  7.04263e-06  4.32356e-02  5.40701e-02
5.40047e+01  0.00000e+00  1.70000e+01  0.00000e+00  1.00000e+00 -0.00000e+00 -0.00000e+00  0.00000e+00  0.00000e+00  0.00000e+00  0.00000e+00  0.00000e+00  0.00000e+00  0.00000e+00  1.66673e-04  7.03823e-06  4.34334e-02  5.42998e-02
5.45035e+01  0.00000e+00  1.70000e+01  0.00000e+00  1.00000e+00 -0.00000e+00 -0.00000e+00  0.00000e+00  0.00000e+00  0.00000e+00  0.00000e+00  0.00000e+00  0.00000e+00  0.00000e+00  1.64916e-04  7.03325e-06  4.36399e-02  5.45333e-02
5.50049e+01  0.00000e+00  1.70000e+01  0.00000e+00  1.00000e+00 -0.00000e+00 -0.00000e+00  0.00000e+00  0.00000e+00  0.00000e+00  0.00000e+00  0.00000e+00  0.00000e+00  0.00000e+00  1.63211e-04  7.03139e-06  4.38500e-02  5.47643e-02
5.55042e+01  0.00000e+00  1.70000e+01  0.00000e+00  1.00000e+00 -0.00000e+00 -0.00000e+00  0.00000e+00  0.00000e+00  0.00000e+00  0.00000e+00  0.00000e+00  0.00000e+00  0.00000e+00  1.61516e-04  7.02829e-06  4.40569e-02  5.49958e-02
5.60042e+01  0.00000e+00  1.70000e+01  0.00000e+00  1.00000e+00 -0.00000e+00 -0.00000e+00  0.00000e+00  0.00000e+00  0.00000e+00  0.00000e+00  0.00000e+00  0.00000e+00  0.00000e+00  1.59844e-04  7.02480e-06  4.42541e-02  5.52233e-02
5.65041e+01  0.00000e+00  1.70000e+01  0.00000e+00  1.00000e+00 -0.00000e+00 -0.00000e+00  0.00000e+00  0.00000e+00  0.00000e+00  0.00000e+00  0.00000e+00  0.00000e+00  0.00000e+00  1.58250e-04  7.02160e-06  4.44607e-02  5.54567e-02
5.70044e+01  0.00000e+00  1.70000e+01  0.00000e+00  1.00000e+00 -0.00000e+00 -0.00000e+00  0.00000e+00  0.00000e+00  0.00000e+00  0.00000e+00  0.00000e+00  0.00000e+00  0.00000e+00  1.56665e-04  7.01851e-06  4.46637e-02  5.56816e-02
5.75048e+01  0.00000e+00  1.70000e+01  0.00000e+00  1.00000e+00 -0.00000e+00 -0.00000e+00  0.00000e+00  0.00000e+00  0.00000e+00  0.00000e+00  0.00000e+00  0.00000e+00  0.00000e+00  1.55077e-04  7.01472e-06  4.48674e-02  5.59112e-02
5.80048e+01  0.00000e+00  1.70000e+01  0.00000e+00  1.00000e+00 -0.00000e+00 -0.00000e+00  0.00000e+00  0.00000e+00  0.00000e+00  0.00000e+00  0.00000e+00  0.00000e+00  0.00000e+00  1.53568e-04  7.01022e-06  4.50660e-02  5.61441e-02
5.85037e+01  0.00000e+00  1.70000e+01  0.00000e+00  1.00000e+00 -0.00000e+00 -0.00000e+00  0.00000e+00  0.00000e+00  0.00000e+00  0.00000e+00  0.00000e+00  0.00000e+00  0.00000e+00  1.52054e-04  7.00886e-06  4.52658e-02  5.63636e-02
5.90050e+01  0.00000e+00  1.70000e+01  0.00000e+00  1.00000e+00 -0.00000e+00 -0.00000e+00  0.00000e+00  0.00000e+00  0.00000e+00  0.00000e+00  0.00000e+00  0.00000e+00  0.00000e+00  1.50590e-04  7.00475e-06  4.54653e-02  5.65950e-02
5.95047e+01  0.00000e+00  1.60000e+01  0.00000e+00  1.00000e+00 -0.00000e+00 -0.00000e+00  0.00000e+00  0.00000e+00  0.00000e+00  0.00000e+00  0.00000e+00  0.00000e+00  0.00000e+00  1.49153e-04  7.00301e-06  4.56689e-02  5.68157e-02
6.00046e+01  0.00000e+00  1.60000e+01  0.00000e+00  1.00000e+00 -0.00000e+00 -0.00000e+00  0.00000e+00  0.00000e+00  0.00000e+00  0.00000e+00  0.00000e+00  0.00000e+00  0.00000e+00  1.47782e-04  7.00320e-06  4.58674e-02  5.70463e-02
6.05047e+01  0.00000e+00  1.60000e+01  0.00000e+00  1.00000e+00 -0.00000e+00 -0.00000e+00  0.00000e+00  0.00000e+00  0.00000e+00  0.00000e+00  0.00000e+00  0.00000e+00  0.00000e+00  1.46360e-04  6.99615e-06  4.60621e-02  5.72577e-02
6.10029e+01  0.00000e+00  1.60000e+01  0.00000e+00  1.00000e+00 -0.00000e+00 -0.00000e+00  0.00000e+00  0.00000e+00  0.00000e+00  0.00000e+00  0.00000e+00  0.00000e+00  0.00000e+00  1.45019e-04  6.99367e-06  4.62680e-02  5.74819e-02
6.15045e+01  0.00000e+00  1.60000e+01  0.00000e+00  1.00000e+00 -0.00000e+00 -0.00000e+00  0.00000e+00  0.00000e+00  0.00000e+00  0.00000e+00  0.00000e+00  0.00000e+00  0.00000e+00  1.43659e-04  6.99312e-06  4.64551e-02  5.77053e-02
6.20054e+01  0.00000e+00  1.60000e+01  0.00000e+00  1.00000e+00 -0.00000e+00 -0.00000e+00  0.00000e+00  0.00000e+00  0.00000e+00  0.00000e+00  0.00000e+00  0.00000e+00  0.00000e+00  1.42350e-04  6.98781e-06  4.66530e-02  5.79295e-02
6.25037e+01  0.00000e+00  1.60000e+01  0.00000e+00  1.00000e+00 -0.00000e+00 -0.00000e+00  0.00000e+00  0.00000e+00  0.00000e+00  0.00000e+00  0.00000e+00  0.00000e+00  0.00000e+00  1.41055e-04  6.98221e-06  4.68563e-02  5.81355e-02
6.30039e+01  0.00000e+00  1.60000e+01  0.00000e+00  1.00000e+00 -0.00000e+00 -0.00000e+00  0.00000e+00  0.00000e+00  0.00000e+00  0.00000e+00  0.00000e+00  0.00000e+00  0.00000e+00  1.39800e-04  6.98310e-06  4.70510e-02  5.83629e-02
6.35036e+01  0.00000e+00  1.50000e+01  0.00000e+00  1.00000e+00 -0.00000e+00 -0.00000e+00  0.00000e+00  0.00000e+00  0.00000e+00  0.00000e+00  0.00000e+00  0.00000e+00  0.00000e+00  1.38560e-04  6.98076e-06  4.72447e-02  5.85759e-02
6.40040e+01  0.00000e+00  1.50000e+01  0.00000e+00  1.00000e+00 -0.00000e+00 -0.00000e+00  0.00000e+00  0.00000e+00  0.00000e+00  0.00000e+00  0.00000e+00  0.00000e+00  0.00000e+00  1.37340e-04  6.97825e-06  4.74302e-02  5.87964e-02
6.45039e+01  0.00000e+00  1.50000e+01  0.00000e+00  1.00000e+00 -0.00000e+00 -0.00000e+00  0.00000e+00  0.00000e+00  0.00000e+00  0.00000e+00  0.00000e+00  0.00000e+00  0.00000e+00  1.36114e-04  6.97098e-06  4.76266e-02  5.90098e-02
6.50033e+01  0.00000e+00  1.50000e+01  0.00000e+00  1.00000e+00 -0.00000e+00 -0.00000e+00  0.00000e+00  0.00000e+00  0.00000e+00  0.00000e+00  0.00000e+00  0.00000e+00  0.00000e+00  1.34954e-04  6.97045e-06  4.78292e-02  5.92289e-02
6.55030e+01  0.00000e+00  1.50000e+01  0.00000e+00  1.00000e+00 -0.00000e+00 -0.00000e+00  0.00000e+00  0.00000e+00  0.00000e+00  0.00000e+00  0.00000e+00  0.00000e+00  0.00000e+00  1.33799e-04  6.96865e-06  4.80214e-02  5.94409e-02
6.60040e+01  0.00000e+00  1.50000e+01  0.00000e+00  1.00000e+00 -0.00000e+00 -0.00000e+00  0.00000e+00  0.00000e+00  0.00000e+00  0.00000e+00  0.00000e+00  0.00000e+00  0.00000e+00  1.32651e-04  6.96565e-06  4.82115e-02  5.96588e-02
6.65028e+01  0.00000e+00  1.50000e+01  0.00000e+00  1.00000e+00 -0.00000e+00 -0.00000e+00  0.00000e+00  0.00000e+00  0.00000e+00  0.00000e+00  0.00000e+00  0.00000e+00  0.00000e+00  1.31533e-04  6.96206e-06  4.84052e-02  5.98704e-02
6.70037e+01  0.00000e+00  1.50000e+01  0.00000e+00  1.00000e+00 -0.00000e+00 -0.00000e+00  0.00000e+00  0.00000e+00  0.00000e+00  0.00000e+00  0.00000e+00  0.00000e+00  0.00000e+00  1.30435e-04  6.95985e-06  4.85904e-02  6.00857e-02
6.75040e+01  0.00000e+00  1.50000e+01  0.00000e+00  1.00000e+00 -0.00000e+00 -0.00000e+00  0.00000e+00  0.00000e+00  0.00000e+00  0.00000e+00  0.00000e+00  0.00000e+00  0.00000e+00  1.29367e-04  6.95673e-06  4.87904e-02  6.02891e-02
6.80043e+01  0.00000e+00  1.50000e+01  0.00000e+00  1.00000e+00 -0.00000e+00 -0.00000e+00  0.00000e+00  0.00000e+00  0.00000e+00  0.00000e+00  0.00000e+00  0.00000e+00  0.00000e+00  1.28284e-04  6.95567e-06  4.89826e-02  6.05063e-02
6.85042e+01  0.00000e+00  1.50000e+01  0.00000e+00  1.00000e+00 -0.00000e+00 -0.00000e+00  0.00000e+00  0.00000e+00  0.00000e+00  0.00000e+00  0.00000e+00  0.00000e+00  0.00000e+00  1.27249e-04  6.95222e-06  4.91705e-02  6.07106e-02
6.90038e+01  0.00000e+00  1.30000e+01  0.00000e+00  1.00000e+00 -0.00000e+00 -0.00000e+00  0.00000e+00  0.00000e+00  0.00000e+00  0.00000e+00  0.00000e+00  0.00000e+00  0.00000e+00  1.26194e-04  6.95038e-06  4.93565e-02  6.09251e-02
6.95047e+01  0.00000e+00  1.30000e+01  0.00000e+00  1.00000e+00 -0.00000e+00 -0.00000e+00  0.00000e+00  0.00000e+00  0.00000e+00  0.00000e+00  0.00000e+00  0.00000e+00  0.00000e+00  1.25176e-04  6.94590e-06  4.95447e-02  6.11327e-02
7.00028e+01  0.00000e+00  1.30000e+01  0.00000e+00  1.00000e+00 -0.00000e+00 -0.00000e+00  0.00000e+00  0.00000e+00  0.00000e+00  0.00000e+00  0.00000e+00  0.00000e+00  0.00000e+00  1.24174e-04  6.94274e-06  4.97335e-02  6.13415e-02
7.05033e+01  0.00000e+00  1.30000e+01  0.00000e+00  1.00000e+00 -0.00000e+00 -0.00000e+00  0.00000e+00  0.00000e+00  0.00000e+00  0.00000e+00  0.00000e+00  0.00000e+00  0.00000e+00  1.23211e-04  6.94418e-06  4.99284e-02  6.15555e-02
7.10035e+01  0.00000e+00  1.30000e+01  0.00000e+00  1.00000e+00 -0.00000e+00 -0.00000e+00  0.00000e+00  0.00000e+00  0.00000e+00  0.00000e+00  0.00000e+00  0.00000e+00  0.00000e+00  1.22218e-04  6.93865e-06  5.01149e-02  6.17597e-02
7.15054e+01  0.00000e+00  1.30000e+01  0.00000e+00  1.00000e+00 -0.00000e+00 -0.00000e+00  0.00000e+00  0.00000e+00  0.00000e+00  0.00000e+00  0.00000e+00  0.00000e+00  0.00000e+00  1.21293e-04  6.93639e-06  5.02949e-02  6.19699e-02
7.20049e+01  0.00000e+00  1.30000e+01  0.00000e+00  1.00000e+00 -0.00000e+00 -0.00000e+00  0.00000e+00  0.00000e+00  0.00000e+00  0.00000e+00  0.00000e+00  0.00000e+00  0.00000e+00  1.20347e-04  6.93442e-06  5.04837e-02  6.21713e-02
7.25048e+01  0.00000e+00  1.30000e+01  0.00000e+00  1.00000e+00 -0.00000e+00 -0.00000e+00  0.00000e+00  0.00000e+00  0.00000e+00  0.00000e+00  0.00000e+00  0.00000e+00  0.00000e+00  1.19439e-04  6.93010e-06  5.06665e-02  6.23779e-02
7.30048e+01  0.00000e+00  1.30000e+01  0.00000e+00  1.00000e+00 -0.00000e+00 -0.00000e+00  0.00000e+00  0.00000e+00  0.00000e+00  0.00000e+00  0.00000e+00  0.00000e+00  0.00000e+00  1.18502e-04  6.92940e-06  5.08650e-02  6.25826e-02
7.35050e+01  0.00000e+00  1.30000e+01  0.00000e+00  1.00000e+00 -0.00000e+00 -0.00000e+00  0.00000e+00  0.00000e+00  0.00000e+00  0.00000e+00  0.00000e+00  0.00000e+00  0.00000e+00  1.17631e-04  6.92694e-06  5.10490e-02  6.27827e-02
7.40044e+01  0.00000e+00  1.30000e+01  0.00000e+00  1.00000e+00 -0.00000e+00 -0.00000e+00  0.00000e+00  0.00000e+00  0.00000e+00  0.00000e+00  0.00000e+00  0.00000e+00  0.00000e+00  1.16754e-04  6.92399e-06  5.12437e-02  6.29904e-02
7.45045e+01  0.00000e+00  1.30000e+01  0.00000e+00  1.00000e+00 -0.00000e+00 -0.00000e+00  0.00000e+00  0.00000e+00  0.00000e+00  0.00000e+00  0.00000e+00  0.00000e+00  0.00000e+00  1.15890e-04  6.92076e-06  5.14156e-02  6.31882e-02
7.50052e+01  0.00000e+00  1.30000e+01  0.00000e+00  1.00000e+00 -0.00000e+00 -0.00000e+00  0.00000e+00  0.00000e+00  0.00000e+00  0.00000e+00  0.00000e+00  0.00000e+00  0.00000e+00  1.15024e-04  6.92003e-06  5.15993e-02  6.34002e-02
7.55051e+01  0.00000e+00  1.30000e+01  0.00000e+00  1.00000e+00 -0.00000e+00 -0.00000e+00  0.00000e+00  0.00000e+00  0.00000e+00  0.00000e+00  0.00000e+00  0.00000e+00  0.00000e+00  1.14203e-04  6.91598e-06  5.17897e-02  6.35953e-02
7.60043e+01  0.00000e+00  1.30000e+01  0.00000e+00  1.00000e+00 -0.00000e+00 -0.00000e+00  0.00000e+00  0.00000e+00  0.00000e+00  0.00000e+00  0.00000e+00  0.00000e+00  0.00000e+00  1.13363e-04  6.91407e-06  5.19675e-02  6.37924e-02
7.65038e+01  0.00000e+00  1.30000e+01  0.00000e+00  1.00000e+00 -0.00000e+00 -0.00000e+00  0.00000e+00  0.00000e+00  0.00000e+00  0.00000e+00  0.00000e+00  0.00000e+00  0.00000e+00  1.12523e-04  6.91343e-06  5.21510e-02  6.39853e-02
7.70041e+01  0.00000e+00  1.30000e+01  0.00000e+00  1.00000e+00 -0.00000e+00 -0.00000e+00  0.00000e+00  0.00000e+00  0.00000e+00  0.00000e+00  0.00000e+00  0.00000e+00  0.00000e+00  1.11756e-04  6.91062e-06  5.23337e-02  6.41999e-02
7.75047e+01  0.00000e+00  1.30000e+01  0.00000e+00  1.00000e+00 -0.00000e+00 -0.00000e+00  0.00000e+00  0.00000e+00  0.00000e+00  0.00000e+00  0.00000e+00  0.00000e+00  0.00000e+00  1.10962e-04  6.90818e-06  5.25152e-02  6.43905e-02
7.80032e+01  0.00000e+00  1.30000e+01  0.00000e+00  1.00000e+00 -0.00000e+00 -0.00000e+00  0.00000e+00  0.00000e+00  0.00000e+00  0.00000e+00  0.00000e+00  0.00000e+00  0.00000e+00  1.10192e-04  6.90562e-06  5.27012e-02  6.45975e-02
7.85035e+01  0.00000e+00  1.30000e+01  0.00000e+00  1.00000e+00 -0.00000e+00 -0.00000e+00  0.00000e+00  0.00000e+00  0.00000e+00  0.00000e+00  0.00000e+00  0.00000e+00  0.00000e+00  1.09418e-04  6.90547e-06  5.28854e-02  6.47904e-02
7.90033e+01  0.00000e+00  1.30000e+01  0.00000e+00  1.00000e+00 -0.00000e+00 -0.00000e+00  0.00000e+00  0.00000e+00  0.00000e+00  0.00000e+00  0.00000e+00  0.00000e+00  0.00000e+00  1.08677e-04  6.89831e-06  5.30708e-02  6.49785e-02
7.95040e+01  0.00000e+00  1.30000e+01  0.00000e+00  1.00000e+00 -0.00000e+00 -0.00000e+00  0.00000e+00  0.00000e+00  0.00000e+00  0.00000e+00  0.00000e+00  0.00000e+00  0.00000e+00  1.07902e-04  6.89717e-06  5.32461e-02  6.51811e-02
8.00048e+01  0.00000e+00  1.30000e+01  0.00000e+00  1.00000e+00 -0.00000e+00 -0.00000e+00  0.00000e+00  0.00000e+00  0.00000e+00  0.00000e+00  0.00000e+00  0.00000e+00  0.00000e+00  1.07187e-04  6.89627e-06  5.34290e-02  6.53714e-02
8.05037e+01  0.00000e+00  1.30000e+01  0.00000e+00  1.00000e+00 -0.00000e+00 -0.00000e+00  0.00000e+00  0.00000e+00  0.00000e+00  0.00000e+00  0.00000e+00  0.00000e+00  0.00000e+00  1.06468e-04  6.89458e-06  5.36093e-02  6.55715e-02
8.10036e+01  0.00000e+00  1.30000e+01  0.00000e+00  1.00000e+00 -0.00000e+00 -0.00000e+00  0.00000e+00  0.00000e+00  0.00000e+00  0.00000e+00  0.00000e+00  0.00000e+00  0.00000e+00  1.05726e-04  6.89364e-06  5.37910e-02  6.57670e-02
8.15037e+01  0.00000e+00  1.30000e+01  0.00000e+00  1.00000e+00 -0.00000e+00 -0.00000e+00  0.00000e+00  0.00000e+00  0.00000e+00  0.00000e+00  0.00000e+00  0.00000e+00  0.00000e+00  1.05033e-04  6.88890e-06  5.39681e-02  6.59550e-02
8.20047e+01  0.00000e+00  1.30000e+01  0.00000e+00  1.00000e+00 -0.00000e+00 -0.00000e+00  0.00000e+00  0.00000e+00  0.00000e+00  0.00000e+00  0.00000e+00  0.00000e+00  0.00000e+00  1.04361e-04  6.88766e-06  5.41401e-02  6.61396e-02
8.25041e+01  0.00000e+00  1.30000e+01  0.00000e+00  1.00000e+00 -0.00000e+00 -0.00000e+00  0.00000e+00  0.00000e+00  0.00000e+00  0.00000e+00  0.00000e+00  0.00000e+00  0.00000e+00  1.03643e-04  6.88431e-06  5.43259e-02  6.63391e-02
8.30047e+01  0.00000e+00  1.30000e+01  0.00000e+00  1.00000e+00 -0.00000e+00 -0.00000e+00  0.00000e+00  0.00000e+00  0.00000e+00  0.00000e+00  0.00000e+00  0.00000e+00  0.00000e+00  1.02986e-04  6.88407e-06  5.45042e-02  6.65372e-02
8.35033e+01  0.00000e+00  1.30000e+01  0.00000e+00  1.00000e+00 -0.00000e+00 -0.00000e+00  0.00000e+00  0.00000e+00  0.00000e+00  0.00000e+00  0.00000e+00  0.00000e+00  0.00000e+00  1.02308e-04  6.88303e-06  5.46870e-02  6.67313e-02
8.40035e+01  0.00000e+00  1.30000e+01  0.00000e+00  1.00000e+00 -0.00000e+00 -0.00000e+00  0.00000e+00  0.00000e+00  0.00000e+00  0.00000e+00  0.00000e+00  0.00000e+00  0.00000e+00  1.01650e-04  6.87884e-06  5.48575e-02  6.69110e-02
8.45043e+01  0.00000e+00  1.30000e+01  0.00000e+00  1.00000e+00 -0.00000e+00 -0.00000e+00  0.00000e+00  0.00000e+00  0.00000e+00  0.00000e+00  0.00000e+00  0.00000e+00  0.00000e+00  1.00988e-04  6.87554e-06  5.50361e-02  6.70927e-02
8.50054e+01  0.00000e+00  1.30000e+01  0.00000e+00  1.00000e+00 -0.00000e+00 -0.00000e+00  0.00000e+00  0.00000e+00  0.00000e+00  0.00000e+00  0.00000e+00  0.00000e+00  0.00000e+00  1.00357e-04  6.87357e-06  5.52165e-02  6.72884e-02
8.55052e+01  0.00000e+00  1.30000e+01  0.00000e+00  1.00000e+00 -0.00000e+00 -0.00000e+00  0.00000e+00  0.00000e+00  0.00000e+00  0.00000e+00  0.00000e+00  0.00000e+00  0.00000e+00  9.97129e-05  6.87298e-06  5.53940e-02  6.74871e-02
8.60032e+01  0.00000e+00  1.30000e+01  0.00000e+00  1.00000e+00 -0.00000e+00 -0.00000e+00  0.00000e+00  0.00000e+00  0.00000e+00  0.00000e+00  0.00000e+00  0.00000e+00  0.00000e+00  9.90810e-05  6.87141e-06  5.55671e-02  6.76731e-02
8.65051e+01  0.00000e+00  1.30000e+01  0.00000e+00  1.00000e+00 -0.00000e+00 -0.00000e+00  0.00000e+00  0.00000e+00  0.00000e+00  0.00000e+00  0.00000e+00  0.00000e+00  0.00000e+00  9.84597e-05  6.87017e-06  5.57450e-02  6.78595e-02
8.70036e+01  0.00000e+00  1.30000e+01  0.00000e+00  1.00000e+00 -0.00000e+00 -0.00000e+00  0.00000e+00  0.00000e+00  0.00000e+00  0.00000e+00  0.00000e+00  0.00000e+00  0.00000e+00  9.78698e-05  6.86664e-06  5.59280e-02  6.80409e-02
8.75049e+01  0.00000e+00  1.30000e+01  0.00000e+00  1.00000e+00 -0.00000e+00 -0.00000e+00  0.00000e+00  0.00000e+00  0.00000e+00  0.00000e+00  0.00000e+00  0.00000e+00  0.00000e+00  9.72440e-05  6.86717e-06  5.60967e-02  6.82344e-02
8.80039e+01  0.00000e+00  1.30000e+01  0.00000e+00  1.00000e+00 -0.00000e+00 -0.00000e+00  0.00000e+00  0.00000e+00  0.00000e+00  0.00000e+00  0.00000e+00  0.00000e+00  0.00000e+00  9.66781e-05  6.85998e-06  5.62750e-02  6.84190e-02
8.85053e+01  0.00000e+00  1.30000e+01  0.00000e+00  1.00000e+00 -0.00000e+00 -0.00000e+00  0.00000e+00  0.00000e+00  0.00000e+00  0.00000e+00  0.00000e+00  0.00000e+00  0.00000e+00  9.60895e-05  6.86100e-06  5.64450e-02  6.86072e-02
8.90041e+01  0.00000e+00  1.30000e+01  0.00000e+00  1.00000e+00 -0.00000e+00 -0.00000e+00  0.00000e+00  0.00000e+00  0.00000e+00  0.00000e+00  0.00000e+00  0.00000e+00  0.00000e+00  9.55192e-05  6.85702e-06  5.66149e-02  6.87924e-02
8.95030e+01  0.00000e+00  1.30000e+01  0.00000e+00  1.00000e+00 -0.00000e+00 -0.00000e+00  0.00000e+00  0.00000e+00  0.00000e+00  0.00000e+00  0.00000e+00  0.00000e+00  0.00000e+00  9.49653e-05  6.85712e-06  5.68028e-02  6.89789e-02
9.00047e+01  0.00000e+00  1.30000e+01  0.00000e+00  1.00000e+00 -0.00000e+00 -0.00000e+00  0.00000e+00  0.00000e+00  0.00000e+00  0.00000e+00  0.00000e+00  0.00000e+00  0.00000e+00  9.43957e-05  6.85451e-06  5.69691e-02  6.91672e-02
9.05040e+01  0.00000e+00  1.30000e+01  0.00000e+00  1.00000e+00 -0.00000e+00 -0.00000e+00  0.00000e+00  0.00000e+00  0.00000e+00  0.00000e+00  0.00000e+00  0.00000e+00  0.00000e+00  9.38237e-05  6.85285e-06  5.71426e-02  6.93475e-02
9.10031e+01  0.00000e+00  1.30000e+01  0.00000e+00  1.00000e+00 -0.00000e+00 -0.00000e+00  0.00000e+00  0.00000e+00  0.00000e+00  0.00000e+00  0.00000e+00  0.00000e+00  0.00000e+00  9.32640e-05  6.84932e-06  5.73183e-02  6.95283e-02
9.15047e+01  0.00000e+00  1.30000e+01  0.00000e+00  1.00000e+00 -0.00000e+00 -0.00000e+00  0.00000e+00  0.00000e+00  0.00000e+00  0.00000e+00  0.00000e+00  0.00000e+00  0.00000e+00  9.27049e-05  6.84959e-06  5.74924e-02  6.97169e-02
9.20036e+01  0.00000e+00  1.30000e+01  0.00000e+00  1.00000e+00 -0.00000e+00 -0.00000e+00  0.00000e+00  0.00000e+00  0.00000e+00  0.00000e+00  0.00000e+00  0.00000e+00  0.00000e+00  9.21890e-05  6.84825e-06  5.76690e-02  6.99015e-02
9.25049e+01  0.00000e+00  1.30000e+01  0.00000e+00  1.00000e+00 -0.00000e+00 -0.00000e+00  0.00000e+00  0.00000e+00  0.00000e+00  0.00000e+00  0.00000e+00  0.00000e+00  0.00000e+00  9.16715e-05  6.84381e-06  5.78412e-02  7.00834e-02
9.30032e+01  0.00000e+00  1.30000e+01  0.00000e+00  1.00000e+00 -0.00000e+00 -0.00000e+00  0.00000e+00  0.00000e+00  0.00000e+00  0.00000e+00  0.00000e+00  0.00000e+00  0.00000e+00  9.11254e-05  6.84161e-06  5.80059e-02  7.02622e-02
9.35047e+01  0.00000e+00  1.30000e+01  0.00000e+00  1.00000e+00 -0.00000e+00 -0.00000e+00  0.00000e+00  0.00000e+00  0.00000e+00  0.00000e+00  0.00000e+00  0.00000e+00  0.00000e+00  9.06081e-05  6.84091e-06  5.81845e-02  7.04322e-02
9.40035e+01  0.00000e+00  1.30000e+01  0.00000e+00  1.00000e+00 -0.00000e+00 -0.00000e+00  0.00000e+00  0.00000e+00  0.00000e+00  0.00000e+00  0.00000e+00  0.00000e+00  0.00000e+00  9.00959e-05  6.83826e-06  5.83540e-02  7.06189e-02
9.45055e+01  0.00000e+00  1.30000e+01  0.00000e+00  1.00000e+00 -0.00000e+00 -0.00000e+00  0.00000e+00  0.00000e+00  0.00000e+00  0.00000e+00  0.00000e+00  0.00000e+00  0.00000e+00  8.95802e-05  6.83410e-06  5.85298e-02  7.08053e-02
9.50047e+01  0.00000e+00  1.30000e+01  0.00000e+00  1.00000e+00 -0.00000e+00 -0.00000e+00  0.00000e+00  0.00000e+00  0.00000e+00  0.00000e+00  0.00000e+00  0.00000e+00  0.00000e+00  8.90959e-05  6.83445e-06  5.86976e-02  7.09795e-02
9.55044e+01  0.00000e+00  1.30000e+01  0.00000e+00  1.00000e+00 -0.00000e+00 -0.00000e+00  0.00000e+00  0.00000e+00  0.00000e+00  0.00000e+00  0.00000e+00  0.00000e+00  0.00000e+00  8.85997e-05  6.83242e-06  5.88645e-02  7.11605e-02
9.60041e+01  0.00000e+00  1.30000e+01  0.00000e+00  1.00000e+00 -0.00000e+00 -0.00000e+00  0.00000e+00  0.00000e+00  0.00000e+00  0.00000e+00  0.00000e+00  0.00000e+00  0.00000e+00  8.81037e-05  6.83042e-06  5.90363e-02  7.13433e-02
9.65040e+01  0.00000e+00  1.30000e+01  0.00000e+00  1.00000e+00 -0.00000e+00 -0.00000e+00  0.00000e+00  0.00000e+00  0.00000e+00  0.00000e+00  0.00000e+00  0.00000e+00  0.00000e+00  8.76506e-05  6.82880e-06  5.92128e-02  7.15251e-02
9.70039e+01  0.00000e+00  1.30000e+01  0.00000e+00  1.00000e+00 -0.00000e+00 -0.00000e+00  0.00000e+00  0.00000e+00  0.00000e+00  0.00000e+00  0.00000e+00  0.00000e+00  0.00000e+00  8.71650e-05  6.82892e-06  5.93745e-02  7.16986e-02
9.75040e+01  0.00000e+00  1.30000e+01  0.00000e+00  1.00000e+00 -0.00000e+00 -0.00000e+00  0.00000e+00  0.00000e+00  0.00000e+00  0.00000e+00  0.00000e+00  0.00000e+00  0.00000e+00  8.66890e-05  6.82760e-06  5.95431e-02  7.18691e-02
9.80038e+01  0.00000e+00  1.30000e+01  0.00000e+00  1.00000e+00 -0.00000e+00 -0.00000e+00  0.00000e+00  0.00000e+00  0.00000e+00  0.00000e+00  0.00000e+00  0.00000e+00  0.00000e+00  8.62399e-05  6.82397e-06  5.97146e-02  7.20472e-02
9.85041e+01  0.00000e+00  1.30000e+01  0.00000e+00  1.00000e+00 -0.00000e+00 -0.00000e+00  0.00000e+00  0.00000e+00  0.00000e+00  0.00000e+00  0.00000e+00  0.00000e+00  0.00000e+00  8.57544e-05  6.82255e-06  5.98921e-02  7.22308e-02
9.90041e+01  0.00000e+00  1.30000e+01  0.00000e+00  5.08000e+02 -0.00000e+00 -0.00000e+00  0.00000e+00  0.00000e+00  0.00000e+00  0.00000e+00  0.00000e+00  0.00000e+00  0.00000e+00  8.53007e-05  6.82039e-06  6.00543e-02  7.23975e-02
9.95037e+01  0.00000e+00  1.30000e+01  0.00000e+00  5.08000e+02 -0.00000e+00 -0.00000e+00  0.00000e+00  0.00000e+00  0.00000e+00  0.00000e+00  0.00000e+00  0.00000e+00  0.00000e+00  8.48699e-05  6.81759e-06  6.02272e-02  7.25812e-02
1.00004e+02  4.93750e+02  1.30000e+01  0.00000e+00  5.11000e+02 -0.00000e+00  0.00000e+00 -0.00000e+00  0.00000e+00  0.00000e+00  0.00000e+00  0.00000e+00  0.00000e+00  0.00000e+00  8.44033e-05  6.81617e-06  6.03922e-02  7.27624e-02
1.00504e+02  4.93587e+02  1.30000e+01  0.00000e+00  5.11000e+02 -0.00000e+00  0.00000e+00 -0.00000e+00  0.00000e+00  0.00000e+00  0.00000e+00  0.00000e+00  0.00000e+00  0.00000e+00  8.39958e-05  6.81411e-06  6.05653e-02  7.29279e-02
1.01004e+02  4.92103e+02  1.30000e+01  0.00000e+00  5.08000e+02 -0.00000e+00  0.00000e+00 -0.00000e+00  0.00000e+00  0.00000e+00  0.00000e+00  0.00000e+00  0.00000e+00  0.00000e+00  8.35725e-05  6.81185e-06  6.07263e-02  7.30999e-02
1.01505e+02  4.88382e+02  1.30000e+01  0.00000e+00  5.08000e+02 -0.00000e+00  0.00000e+00 -0.00000e+00  0.00000e+00  0.00000e+00  0.00000e+00  0.00000e+00  0.00000e+00  0.00000e+00  8.30917e-05  6.81081e-06  6.08920e-02  7.32727e-02
1.02003e+02  4.86873e+02  1.10000e+01  0.00000e+00  5.08000e+02 -0.00000e+00  0.00000e+00 -0.00000e+00  0.00000e+00  0.00000e+00  0.00000e+00  0.00000e+00  0.00000e+00  0.00000e+00  8.27123e-05  6.80856e-06  6.10727e-02  7.34499e-02
1.02504e+02  4.44960e+02  1.10000e+01  0.00000e+00  5.11000e+02 -0.00000e+00  0.00000e+00 -0.00000e+00  0.00000e+00  0.00000e+00  0.00000e+00  0.00000e+00  0.00000e+00  0.00000e+00  8.22710e-05  6.80842e-06  6.12375e-02  7.36303e-02
1.03004e+02  4.93102e+02  1.10000e+01  0.00000e+00  5.11000e+02 -0.00000e+00  0.00000e+00 -0.00000e+00  0.00000e+00  0.00000e+00  0.00000e+00  0.00000e+00  0.00000e+00  0.00000e+00  8.18649e-05  6.80653e-06  6.14081e-02  7.38072e-02
1.03504e+02  4.91488e+02  1.10000e+01  0.00000e+00  5.11000e+02 -0.00000e+00  0.00000e+00 -0.00000e+00  0.00000e+00  0.00000e+00  0.00000e+00  0.00000e+00  0.00000e+00  0.00000e+00  8.14668e-05  6.80361e-06  6.15712e-02  7.39745e-02
1.04004e+02  4.90953e+02  1.10000e+01  0.00000e+00  5.09000e+02 -0.00000e+00  0.00000e+00 -0.00000e+00  0.00000e+00  0.00000e+00  0.00000e+00  0.00000e+00  0.00000e+00  0.00000e+00  8.10172e-05  6.80080e-06  6.17347e-02  7.41441e-02
1.04504e+02  4.98896e+02  1.10000e+01  0.00000e+00  5.09000e+02 -0.00000e+00  0.00000e+00 -0.00000e+00  0.00000e+00  0.00000e+00  0.00000e+00  0.00000e+00  0.00000e+00  0.00000e+00  8.06519e-05  6.79861e-06  6.19003e-02  7.43226e-02
1.05004e+02  4.88101e+02  1.10000e+01  0.00000e+00  5.09000e+02 -0.00000e+00  0.00000e+00 -0.00000e+00  0.00000e+00  0.00000e+00  0.00000e+00  0.00000e+00  0.00000e+00  0.00000e+00  8.02561e-05  6.80026e-06  6.20685e-02  7.44945e-02
1.05504e+02  4.93722e+02  1.10000e+01  0.00000e+00  5.06000e+02 -0.00000e+00  0.00000e+00 -0.00000e+00  0.00000e+00  0.00000e+00  0.00000e+00  0.00000e+00  0.00000e+00  0.00000e+00  7.98581e-05  6.79530e-06  6.22289e-02  7.46587e-02
1.06005e+02  4.87186e+02  1.10000e+01  0.00000e+00  5.06000e+02 -0.00000e+00  0.00000e+00 -0.00000e+00  0.00000e+00  0.00000e+00  0.00000e+00  0.00000e+00  0.00000e+00  0.00000e+00  7.94702e-05  6.79570e-06  6.23866e-02  7.48361e-02
1.06504e+02  4.81460e+02  1.10000e+01  0.00000e+00  5.09000e+02 -0.00000e+00  0.00000e+00 -0.00000e+00  0.00000e+00  0.00000e+00  0.00000e+00  0.00000e+00  0.00000e+00  0.00000e+00  7.90979e-05  6.79454e-06  6.25588e-02  7.50071e-02
1.07005e+02  4.84108e+02  1.10000e+01  0.00000e+00  5.09000e+02 -0.00000e+00  0.00000e+00 -0.00000e+00  0.00000e+00  0.00000e+00  0.00000e+00  0.00000e+00  0.00000e+00  0.00000e+00  7.87065e-05  6.79313e-06  6.27184e-02  7.51797e-02
1.07505e+02  4.84624e+02  1.10000e+01  0.00000e+00  5.09000e+02 -0.00000e+00  0.00000e+00 -0.00000e+00  0.00000e+00  0.00000e+00  0.00000e+00  0.00000e+00  0.00000e+00  0.00000e+00  7.83160e-05  6.79088e-06  6.28891e-02  7.53501e-02
1.08005e+02  4.84981e+02  1.10000e+01  0.00000e+00  5.09000e+02 -0.00000e+00  0.00000e+00 -0.00000e+00  0.00000e+00  0.00000e+00  0.00000e+00  0.00000e+00  0.00000e+00  0.00000e+00  7.79366e-05  6.78675e-06  6.30525e-02  7.55143e-02
1.08503e+02  4.84402e+02  1.10000e+01  0.00000e+00  5.09000e+02 -0.00000e+00  0.00000e+00 -0.00000e+00  0.00000e+00  0.00000e+00  0.00000e+00  0.00000e+00  0.00000e+00  0.00000e+00  7.75676e-05  6.78544e-06  6.32059e-02  7.56904e-02
1.09003e+02  4.86730e+02  1.10000e+01  0.00000e+00  5.09000e+02 -0.00000e+00  0.00000e+00 -0.00000e+00  0.00000e+00  0.00000e+00  0.00000e+00  0.00000e+00  0.00000e+00  0.00000e+00  7.72311e-05  6.78547e-06  6.33662e-02  7.58659e-02
1.09504e+02  4.83829e+02  1.10000e+01  0.00000e+00  5.09000e+02 -0.00000e+00  0.00000e+00 -0.00000e+00  0.00000e+00  0.00000e+00  0.00000e+00  0.00000e+00  0.00000e+00  0.00000e+00  7.68355e-05  6.78467e-06  6.35365e-02  7.60263e-02
1.10004e+02  4.82112e+02  1.10000e+01  0.00000e+00  5.09000e+02 -0.00000e+00  0.00000e+00 -0.00000e+00  0.00000e+00  0.00000e+00  0.00000e+00  0.00000e+00  0.00000e+00  0.00000e+00  7.64898e-05  6.78173e-06  6.37042e-02  7.61959e-02
1.10504e+02  4.79279e+02  1.10000e+01  0.00000e+00  5.09000e+02 -0.00000e+00  0.00000e+00 -0.00000e+00  0.00000e+00  0.00000e+00  0.00000e+00  0.00000e+00  0.00000e+00  0.00000e+00  7.61414e-05  6.77989e-06  6.38684e-02  7.63687e-02
1.11004e+02  4.76350e+02  1.10000e+01  0.00000e+00  5.08000e+02 -0.00000e+00  0.00000e+00 -0.00000e+00  0.00000e+00  0.00000e+00  0.00000e+00  0.00000e+00  0.00000e+00  0.00000e+00  7.57866e-05  6.77784e-06  6.40337e-02  7.65354e-02
1.11504e+02  4.78815e+02  1.10000e+01  0.00000e+00  5.08000e+02 -0.00000e+00  0.00000e+00 -0.00000e+00  0.00000e+00  0.00000e+00  0.00000e+00  0.00000e+00  0.00000e+00  0.00000e+00  7.54388e-05  6.77624e-06  6.41986e-02  7.66971e-02
1.12003e+02  4.63941e+02  1.10000e+01  0.00000e+00  5.08000e+02 -0.00000e+00  0.00000e+00 -0.00000e+00  0.00000e+00  0.00000e+00  0.00000e+00  0.00000e+00  0.00000e+00  0.00000e+00  7.51073e-05  6.77638e-06  6.43513e-02  7.68758e-02
1.12503e+02  4.79815e+02  1.10000e+01  0.00000e+00  5.08000e+02 -0.00000e+00  0.00000e+00 -0.00000e+00  0.00000e+00  0.00000e+00  0.00000e+00  0.00000e+00  0.00000e+00  0.00000e+00  7.47595e-05  6.77397e-06  6.45218e-02  7.70295e-02
1.13004e+02  4.78588e+02  1.10000e+01  0.00000e+00  5.10000e+02 -0.00000e+00  0.00000e+00 -0.00000e+00  0.00000e+00  0.00000e+00  0.00000e+00  0.00000e+00  0.00000e+00  0.00000e+00  7.44135e-05  6.77319e-06  6.46718e-02  7.72073e-02
1.13504e+02  4.78334e+02  1.10000e+01  0.00000e+00  5.10000e+02 -0.00000e+00  0.00000e+00 -0.00000e+00  0.00000e+00  0.00000e+00  0.00000e+00  0.00000e+00  0.00000e+00  0.00000e+00  7.41013e-05  6.77059e-06  6.48381e-02  7.73777e-02
1.14005e+02  4.78394e+02  1.10000e+01  0.00000e+00  5.11000e+02 -0.00000e+00  0.00000e+00 -0.00000e+00  0.00000e+00  0.00000e+00  0.00000e+00  0.00000e+00  0.00000e+00  0.00000e+00  7.37733e-05  6.76807e-06  6.49963e-02  7.75397e-02
1.14505e+02  4.78385e+02  1.10000e+01  0.00000e+00  5.11000e+02 -0.00000e+00  0.00000e+00 -0.00000e+00  0.00000e+00  0.00000e+00  0.00000e+00  0.00000e+00  0.00000e+00  0.00000e+00  7.34320e-05  6.77082e-06  6.51595e-02  7.77120e-02
1.15003e+02  4.76350e+02  1.10000e+01  0.00000e+00  5.11000e+02 -0.00000e+00  0.00000e+00 -0.00000e+00  0.00000e+00  0.00000e+00  0.00000e+00  0.00000e+00  0.00000e+00  0.00000e+00  7.31116e-05  6.76523e-06  6.53283e-02  7.78701e-02
1.15504e+02  4.76336e+02  1.10000e+01  0.00000e+00  5.11000e+02 -0.00000e+00  0.00000e+00 -0.00000e+00  0.00000e+00  0.00000e+00  0.00000e+00  0.00000e+00  0.00000e+00  0.00000e+00  7.27876e-05  6.76399e-06  6.54882e-02  7.80473e-02
1.16005e+02  4.76454e+02  1.10000e+01  0.00000e+00  5.10000e+02 -0.00000e+00  0.00000e+00 -0.00000e+00  0.00000e+00  0.00000e+00  0.00000e+00  0.00000e+00  0.00000e+00  0.00000e+00  7.24467e-05  6.76040e-06  6.56381e-02  7.82165e-02
1.16505e+02  4.76469e+02  1.10000e+01  0.00000e+00  5.11000e+02 -0.00000e+00  0.00000e+00 -0.00000e+00  0.00000e+00  0.00000e+00  0.00000e+00  0.00000e+00  0.00000e+00  0.00000e+00  7.21519e-05  6.76324e-06  6.58023e-02  7.83888e-02
1.17003e+02  4.79344e+02  1.10000e+01  0.00000e+00  5.11000e+02 -0.00000e+00  0.00000e+00 -0.00000e+00  0.00000e+00  0.00000e+00  0.00000e+00  0.00000e+00  0.00000e+00  0.00000e+00  7.18589e-05  6.76022e-06  6.59639e-02  7.85399e-02
1.17504e+02  4.72334e+02  1.10000e+01  0.00000e+00  5.06000e+02 -0.00000e+00  0.00000e+00 -0.00000e+00  0.00000e+00  0.00000e+00  0.00000e+00  0.00000e+00  0.00000e+00  0.00000e+00  7.15195e-05  6.75741e-06  6.61249e-02  7.87097e-02
1.18006e+02  4.75004e+02  1.10000e+01  0.00000e+00  5.06000e+02 -0.00000e+00  0.00000e+00 -0.00000e+00  0.00000e+00  0.00000e+00  0.00000e+00  0.00000e+00  0.00000e+00  0.00000e+00  7.12183e-05  6.75489e-06  6.62838e-02  7.88688e-02
1.18504e+02  4.71699e+02  1.10000e+01  0.00000e+00  5.09000e+02 -0.00000e+00  0.00000e+00 -0.00000e+00  0.00000e+00  0.00000e+00  0.00000e+00  0.00000e+00  0.00000e+00  0.00000e+00  7.09150e-05  6.75624e-06  6.64450e-02  7.90417e-02
1.19003e+02  4.68498e+02  1.10000e+01  0.00000e+00  5.06000e+02 -0.00000e+00  0.00000e+00 -0.00000e+00  0.00000e+00  0.00000e+00  0.00000e+00  0.00000e+00  0.00000e+00  0.00000e+00  7.06559e-05  6.75151e-06  6.66065e-02  7.92025e-02
1.19504e+02  4.68661e+02  1.00000e+01  0.00000e+00  5.06000e+02 -0.00000e+00  0.00000e+00 -0.00000e+00  0.00000e+00  0.00000e+00  0.00000e+00  0.00000e+00  0.00000e+00  0.00000e+00  7.03535e-05  6.75393e-06  6.67690e-02  7.93761e-02
1.20003e+02  4.67542e+02  1.00000e+01  0.00000e+00  5.08000e+02 -0.00000e+00  0.00000e+00 -0.00000e+00  0.00000e+00  0.00000e+00  0.00000e+00  0.00000e+00  0.00000e+00  0.00000e+00  7.00188e-05  6.74975e-06  6.69250e-02  7.95260e-02
1.20504e+02  4.67666e+02  1.00000e+01  0.00000e+00  5.08000e+02 -0.00000e+00  0.00000e+00 -0.00000e+00  0.00000e+00  0.00000e+00  0.00000e+00  0.00000e+00  0.00000e+00  0.00000e+00  6.97511e-05  6.75001e-06  6.70826e-02  7.96947e-02
1.21005e+02  4.67600e+02  1.00000e+01  0.00000e+00  5.11000e+02 -0.00000e+00  0.00000e+00 -0.00000e+00  0.00000e+00  0.00000e+00  0.00000e+00  0.00000e+00  0.00000e+00  0.00000e+00  6.94487e-05  6.74667e-06  6.72397e-02  7.98608e-02
1.21506e+02  4.67194e+02  1.00000e+01  0.00000e+00  5.09000e+02 -0.00000e+00  0.00000e+00 -0.00000e+00  0.00000e+00  0.00000e+00  0.00000e+00  0.00000e+00  0.00000e+00  0.00000e+00  6.91679e-05  6.74635e-06  6.74009e-02  8.00301e-02
1.22004e+02  4.66296e+02  1.00000e+01  0.00000e+00  5.05000e+02 -0.00000e+00  0.00000e+00 -0.00000e+00  0.00000e+00  0.00000e+00  0.00000e+00  0.00000e+00  0.00000e+00  0.00000e+00  6.88649e-05  6.74507e-06  6.75529e-02  8.01906e-02
1.22505e+02  4.71491e+02  1.00000e+01  0.00000e+00  5.05000e+02 -0.00000e+00  0.00000e+00 -0.00000e+00  0.00000e+00  0.00000e+00  0.00000e+00  0.00000e+00  0.00000e+00  0.00000e+00  6.85808e-05  6.74170e-06  6.77150e-02  8.03546e-02
1.23004e+02  4.69425e+02  1.00000e+01  0.00000e+00  5.11000e+02 -0.00000e+00  0.00000e+00 -0.00000e+00  0.00000e+00  0.00000e+00  0.00000e+00  0.00000e+00  0.00000e+00  0.00000e+00  6.82947e-05  6.73939e-06  6.78703e-02  8.05157e-02
1.23503e+02  4.69241e+02  1.00000e+01  0.00000e+00  5.08000e+02 -0.00000e+00  0.00000e+00 -0.00000e+00  0.00000e+00  0.00000e+00  0.00000e+00  0.00000e+00  0.00000e+00  0.00000e+00  6.80364e-05  6.74137e-06  6.80256e-02  8.06878e-02
1.24005e+02  4.72086e+02  1.00000e+01  0.00000e+00  5.08000e+02 -0.00000e+00  0.00000e+00 -0.00000e+00  0.00000e+00  0.00000e+00  0.00000e+00  0.00000e+00  0.00000e+00  0.00000e+00  6.77582e-05  6.74039e-06  6.81895e-02  8.08451e-02
1.24504e+02  4.65182e+02  1.00000e+01  0.00000e+00  5.11000e+02 -0.00000e+00  0.00000e+00 -0.00000e+00  0.00000e+00  0.00000e+00  0.00000e+00  0.00000e+00  0.00000e+00  0.00000e+00  6.74616e-05  6.73639e-06  6.83366e-02  8.09973e-02
1.25004e+02  4.66876e+02  1.00000e+01  0.00000e+00  5.11000e+02 -0.00000e+00  0.00000e+00 -0.00000e+00  0.00000e+00  0.00000e+00  0.00000e+00  0.00000e+00  0.00000e+00  0.00000e+00  6.72172e-05  6.73614e-06  6.84992e-02  8.11677e-02
1.25503e+02  4.73686e+02  1.00000e+01  0.00000e+00  5.11000e+02 -0.00000e+00  0.00000e+00 -0.00000e+00  0.00000e+00  0.00000e+00  0.00000e+00  0.00000e+00  0.00000e+00  0.00000e+00  6.69595e-05  6.73423e-06  6.86642e-02  8.13381e-02
1.26004e+02  4.66937e+02  1.00000e+01  0.00000e+00  5.09000e+02 -0.00000e+00  0.00000e+00 -0.00000e+00  0.00000e+00  0.00000e+00  0.00000e+00  0.00000e+00  0.00000e+00  0.00000e+00  6.66939e-05  6.73143e-06  6.88358e-02  8.14844e-02
1.26503e+02  4.66418e+02  1.00000e+01  0.00000e+00  5.10000e+02 -0.00000e+00  0.00000e+00 -0.00000e+00  0.00000e+00  0.00000e+00  0.00000e+00  0.00000e+00  0.00000e+00  0.00000e+00  6.64497e-05  6.73162e-06  6.89776e-02  8.16505e-02
1.27004e+02  4.66435e+02  1.00000e+01  0.00000e+00  5.08000e+02 -0.00000e+00  0.00000e+00 -0.00000e+00  0.00000e+00  0.00000e+00  0.00000e+00  0.00000e+00  0.00000e+00  0.00000e+00  6.61635e-05  6.73172e-06  6.91264e-02  8.18165e-02
1.27503e+02  4.66002e+02  1.00000e+01  0.00000e+00  5.11000e+02 -0.00000e+00  0.00000e+00 -0.00000e+00  0.00000e+00  0.00000e+00  0.00000e+00  0.00000e+00  0.00000e+00  0.00000e+00  6.59036e-05  6.72973e-06  6.92891e-02  8.19716e-02
1.28005e+02  4.65260e+02  1.00000e+01  0.00000e+00  5.11000e+02 -0.00000e+00  0.00000e+00 -0.00000e+00  0.00000e+00  0.00000e+00  0.00000e+00  0.00000e+00  0.00000e+00  0.00000e+00  6.56643e-05  6.72816e-06  6.94545e-02  8.21286e-02
1.28503e+02 -1.64795e-03  1.00000e+01  0.00000e+00  5.11000e+02 -0.00000e+00  0.00000e+00 -0.00000e+00  0.00000e+00  0.00000e+00  0.00000e+00  0.00000e+00  0.00000e+00  0.00000e+00  6.54202e-05  6.72737e-06  6.96081e-02  8.23019e-02
1.29005e+02  4.66854e+02  1.00000e+01  0.00000e+00  5.11000e+02 -0.00000e+00  0.00000e+00 -0.00000e+00  0.00000e+00  0.00000e+00  0.00000e+00  0.00000e+00  0.00000e+00  0.00000e+00  6.51411e-05  6.72458e-06  6.97677e-02  8.24452e-02
1.29503e+02  4.76029e+02  1.00000e+01  0.00000e+00  5.11000e+02 -0.00000e+00  0.00000e+00 -0.00000e+00  0.00000e+00  0.00000e+00  0.00000e+00  0.00000e+00  0.00000e+00  0.00000e+00  6.49077e-05  6.72515e-06  6.99036e-02  8.26047e-02
1.30003e+02  4.55129e+02  1.00000e+01  0.00000e+00  5.09000e+02 -0.00000e+00  0.00000e+00 -0.00000e+00  0.00000e+00  0.00000e+00  0.00000e+00  0.00000e+00  0.00000e+00  0.00000e+00  6.46638e-05  6.72347e-06  7.00664e-02  8.27791e-02
1.30504e+02  4.57227e+02  1.00000e+01  0.00000e+00  5.09000e+02 -0.00000e+00  0.00000e+00 -0.00000e+00  0.00000e+00  0.00000e+00  0.00000e+00  0.00000e+00  0.00000e+00  0.00000e+00  6.44004e-05  6.71889e-06  7.02214e-02  8.29301e-02
1.31005e+02  4.58190e+02  1.00000e+01  0.00000e+00  5.09000e+02 -0.00000e+00  0.00000e+00 -0.00000e+00  0.00000e+00  0.00000e+00  0.00000e+00  0.00000e+00  0.00000e+00  0.00000e+00  6.41585e-05  6.72045e-06  7.03788e-02  8.30831e-02
1.31503e+02  4.58441e+02  1.00000e+01  0.00000e+00  5.09000e+02 -0.00000e+00  0.00000e+00 -0.00000e+00  0.00000e+00  0.00000e+00  0.00000e+00  0.00000e+00  0.00000e+00  0.00000e+00  6.39153e-05  6.71699e-06  7.05295e-02  8.32540e-02
1.32004e+02  4.58405e+02  1.00000e+01  0.00000e+00  5.07000e+02 -0.00000e+00  0.00000e+00 -0.00000e+00  0.00000e+00  0.00000e+00  0.00000e+00  0.00000e+00  0.00000e+00  0.00000e+00  6.36925e-05  6.71676e-06  7.06819e-02  8.33979e-02
1.32503e+02  4.56798e+02  1.00000e+01  0.00000e+00  5.10000e+02 -0.00000e+00  0.00000e+00 -0.00000e+00  0.00000e+00  0.00000e+00  0.00000e+00  0.00000e+00  0.00000e+00  0.00000e+00  6.34555e-05  6.71512e-06  7.08333e-02  8.35680e-02
1.33005e+02  4.56297e+02  1.00000e+01  0.00000e+00  5.10000e+02 -0.00000e+00  0.00000e+00 -0.00000e+00  0.00000e+00  0.00000e+00  0.00000e+00  0.00000e+00  0.00000e+00  0.00000e+00  6.32133e-05  6.71450e-06  7.10034e-02  8.37237e-02
1.33505e+02  4.58855e+02  1.00000e+01  0.00000e+00  5.10000e+02 -0.00000e+00  0.00000e+00 -0.00000e+00  0.00000e+00  0.00000e+00  0.00000e+00  0.00000e+00  0.00000e+00  0.00000e+00  6.29874e-05  6.71050e-06  7.11654e-02  8.38802e-02
1.34003e+02  4.57725e+02  1.00000e+01  0.00000e+00  5.10000e+02 -0.00000e+00  0.00000e+00 -0.00000e+00  0.00000e+00  0.00000e+00  0.00000e+00  0.00000e+00  0.00000e+00  0.00000e+00  6.27399e-05  6.70996e-06  7.13143e-02  8.40383e-02
1.34503e+02  4.61022e+02  1.00000e+01  0.00000e+00  5.10000e+02 -0.00000e+00  0.00000e+00 -0.00000e+00  0.00000e+00  0.00000e+00  0.00000e+00  0.00000e+00  0.00000e+00  0.00000e+00  6.25220e-05  6.70904e-06  7.14559e-02  8.41859e-02
1.35005e+02  4.59358e+02  1.00000e+01  0.00000e+00  5.10000e+02 -0.00000e+00  0.00000e+00 -0.00000e+00  0.00000e+00  0.00000e+00  0.00000e+00  0.00000e+00  0.00000e+00  0.00000e+00  6.23062e-05  6.70954e-06  7.16098e-02  8.43503e-02
1.35503e+02  4.59104e+02  1.00000e+01  0.00000e+00  5.10000e+02 -0.00000e+00  0.00000e+00 -0.00000e+00  0.00000e+00  0.00000e+00  0.00000e+00  0.00000e+00  0.00000e+00  0.00000e+00  6.20626e-05  6.70747e-06  7.17590e-02  8.45023e-02
1.36005e+02  4.54407e+02  1.00000e+01  0.00000e+00  5.10000e+02 -0.00000e+00  0.00000e+00 -0.00000e+00  0.00000e+00  0.00000e+00  0.00000e+00  0.00000e+00  0.00000e+00  0.00000e+00  6.18314e-05  6.70634e-06  7.19239e-02  8.46629e-02
1.36505e+02  4.54847e+02  1.00000e+01  0.00000e+00  5.11000e+02 -0.00000e+00  0.00000e+00 -0.00000e+00  0.00000e+00  0.00000e+00  0.00000e+00  0.00000e+00  0.00000e+00  0.00000e+00  6.16085e-05  6.70519e-06  7.20761e-02  8.48222e-02
1.37004e+02  4.63882e+02  1.00000e+01  0.00000e+00  5.09000e+02 -0.00000e+00  0.00000e+00 -0.00000e+00  0.00000e+00  0.00000e+00  0.00000e+00  0.00000e+00  0.00000e+00  0.00000e+00  6.14406e-05  6.70395e-06  7.22366e-02  8.49797e-02
1.37505e+02  4.59150e+02  1.00000e+01  0.00000e+00  5.09000e+02 -0.00000e+00  0.00000e+00 -0.00000e+00  0.00000e+00  0.00000e+00  0.00000e+00  0.00000e+00  0.00000e+00  0.00000e+00  6.11694e-05  6.70263e-06  7.23766e-02  8.51391e-02
1.38004e+02  4.58078e+02  1.00000e+01  0.00000e+00  5.09000e+02 -0.00000e+00  0.00000e+00 -0.00000e+00  0.00000e+00  0.00000e+00  0.00000e+00  0.00000e+00  0.00000e+00  0.00000e+00  6.09689e-05  6.70100e-06  7.25332e-02  8.52820e-02
1.38503e+02  4.58983e+02  1.00000e+01  0.00000e+00  5.09000e+02 -0.00000e+00  0.00000e+00 -0.00000e+00  0.00000e+00  0.00000e+00  0.00000e+00  0.00000e+00  0.00000e+00  0.00000e+00  6.07657e-05  6.69859e-06  7.26810e-02  8.54483e-02
1.39005e+02  4.59013e+02  1.00000e+01  0.00000e+00  5.09000e+02 -0.00000e+00  0.00000e+00 -0.00000e+00  0.00000e+00  0.00000e+00  0.00000e+00  0.00000e+00  0.00000e+00  0.00000e+00  6.05613e-05  6.69595e-06  7.28393e-02  8.55995e-02
1.39504e+02  4.57639e+02  1.00000e+01  0.00000e+00  5.09000e+02 -0.00000e+00  0.00000e+00 -0.00000e+00  0.00000e+00  0.00000e+00  0.00000e+00  0.00000e+00  0.00000e+00  0.00000e+00  6.03330e-05  6.69614e-06  7.29967e-02  8.57632e-02
1.40004e+02  4.57098e+02  1.00000e+01  0.00000e+00  5.09000e+02 -0.00000e+00  0.00000e+00 -0.00000e+00  0.00000e+00  0.00000e+00  0.00000e+00  0.00000e+00  0.00000e+00  0.00000e+00  6.01122e-05  6.69599e-06  7.31338e-02  8.59167e-02
1.40503e+02  4.56683e+02  1.00000e+01  0.00000e+00  5.09000e+02 -0.00000e+00  0.00000e+00 -0.00000e+00  0.00000e+00  0.00000e+00  0.00000e+00  0.00000e+00  0.00000e+00  0.00000e+00  5.98926e-05  6.69345e-06  7.32902e-02  8.60613e-02
1.41003e+02  4.56052e+02  1.00000e+01  0.00000e+00  5.09000e+02 -0.00000e+00  0.00000e+00 -0.00000e+00  0.00000e+00  0.00000e+00  0.00000e+00  0.00000e+00  0.00000e+00  0.00000e+00  5.97138e-05  6.69401e-06  7.34442e-02  8.62224e-02
1.41505e+02  4.53823e+02  1.00000e+01  0.00000e+00  5.10000e+02 -0.00000e+00  0.00000e+00 -0.00000e+00  0.00000e+00  0.00000e+00  0.00000e+00  0.00000e+00  0.00000e+00  0.00000e+00  5.94871e-05  6.69163e-06  7.35874e-02  8.63793e-02
1.42005e+02  4.53707e+02  1.00000e+01  0.00000e+00  5.10000e+02 -0.00000e+00  0.00000e+00 -0.00000e+00  0.00000e+00  0.00000e+00  0.00000e+00  0.00000e+00  0.00000e+00  0.00000e+00  5.93079e-05  6.69012e-06  7.37528e-02  8.65299e-02
1.42504e+02  4.53534e+02  1.00000e+01  0.00000e+00  5.10000e+02 -0.00000e+00  0.00000e+00 -0.00000e+00  0.00000e+00  0.00000e+00  0.00000e+00  0.00000e+00  0.00000e+00  0.00000e+00  5.91119e-05  6.69101e-06  7.38957e-02  8.66838e-02
1.43004e+02  4.53673e+02  1.00000e+01  0.00000e+00  5.10000e+02 -0.00000e+00  0.00000e+00 -0.00000e+00  0.00000e+00  0.00000e+00  0.00000e+00  0.00000e+00  0.00000e+00  0.00000e+00  5.89180e-05  6.68748e-06  7.40581e-02  8.68408e-02
1.43504e+02  4.54992e+02  1.00000e+01  0.00000e+00  5.10000e+02 -0.00000e+00  0.00000e+00 -0.00000e+00  0.00000e+00  0.00000e+00  0.00000e+00  0.00000e+00  0.00000e+00  0.00000e+00  5.86997e-05  6.68640e-06  7.42007e-02  8.69917e-02
1.44004e+02  4.53873e+02  9.00000e+00  0.00000e+00  5.11000e+02 -0.00000e+00  0.00000e+00 -0.00000e+00  0.00000e+00  0.00000e+00  0.00000e+00  0.00000e+00  0.00000e+00  0.00000e+00  5.85174e-05  6.68401e-06  7.43558e-02  8.71503e-02
1.44503e+02  4.53355e+02  9.00000e+00  0.00000e+00  5.11000e+02 -0.00000e+00  0.00000e+00 -0.00000e+00  0.00000e+00  0.00000e+00  0.00000e+00  0.00000e+00  0.00000e+00  0.00000e+00  5.83110e-05  6.68396e-06  7.45086e-02  8.72972e-02
1.45003e+02  4.53145e+02  9.00000e+00  0.00000e+00  5.04000e+02 -0.00000e+00  0.00000e+00 -0.00000e+00  0.00000e+00  0.00000e+00  0.00000e+00  0.00000e+00  0.00000e+00  0.00000e+00  5.81197e-05  6.68268e-06  7.46673e-02  8.74570e-02
1.45505e+02  4.52744e+02  9.00000e+00  0.00000e+00  5.04000e+02 -0.00000e+00  0.00000e+00 -0.00000e+00  0.00000e+00  0.00000e+00  0.00000e+00  0.00000e+00  0.00000e+00  0.00000e+00  5.79631e-05  6.68202e-06  7.48139e-02  8.76080e-02
1.46004e+02  4.52286e+02  9.00000e+00  0.00000e+00  5.07000e+02 -0.00000e+00  0.00000e+00 -0.00000e+00  0.00000e+00  0.00000e+00  0.00000e+00  0.00000e+00  0.00000e+00  0.00000e+00  5.77504e-05  6.68288e-06  7.49719e-02  8.77648e-02
1.46503e+02  4.49254e+02  9.00000e+00  0.00000e+00  5.07000e+02 -0.00000e+00  0.00000e+00 -0.00000e+00  0.00000e+00  0.00000e+00  0.00000e+00  0.00000e+00  0.00000e+00  0.00000e+00  5.75488e-05  6.67907e-06  7.51026e-02  8.79178e-02
1.47004e+02  4.41516e+02  9.00000e+00  0.00000e+00  5.08000e+02 -0.00000e+00  0.00000e+00 -0.00000e+00  0.00000e+00  0.00000e+00  0.00000e+00  0.00000e+00  0.00000e+00  0.00000e+00  5.73454e-05  6.67595e-06  7.52537e-02  8.80684e-02
1.47503e+02  4.51030e+02  9.00000e+00  0.00000e+00  5.10000e+02 -0.00000e+00  0.00000e+00 -0.00000e+00  0.00000e+00  0.00000e+00  0.00000e+00  0.00000e+00  0.00000e+00  0.00000e+00  5.71932e-05  6.67816e-06  7.54092e-02  8.82232e-02
1.48003e+02  4.51155e+02  9.00000e+00  0.00000e+00  5.10000e+02 -0.00000e+00  0.00000e+00 -0.00000e+00  0.00000e+00  0.00000e+00  0.00000e+00  0.00000e+00  0.00000e+00  0.00000e+00  5.69991e-05  6.67627e-06  7.55644e-02  8.83829e-02
1.48505e+02  4.49788e+02  9.00000e+00  0.00000e+00  5.10000e+02 -0.00000e+00  0.00000e+00 -0.00000e+00  0.00000e+00  0.00000e+00  0.00000e+00  0.00000e+00  0.00000e+00  0.00000e+00  5.68095e-05  6.67358e-06  7.57163e-02  8.85256e-02
1.49005e+02  4.48631e+02  9.00000e+00  0.00000e+00  5.09000e+02 -0.00000e+00  0.00000e+00 -0.00000e+00  0.00000e+00  0.00000e+00  0.00000e+00  0.00000e+00  0.00000e+00  0.00000e+00  5.66487e-05  6.67258e-06  7.58669e-02  8.86834e-02
1.49505e+02  4.47810e+02  9.00000e+00  0.00000e+00  5.09000e+02 -0.00000e+00  0.00000e+00 -0.00000e+00  0.00000e+00  0.00000e+00  0.00000e+00  0.00000e+00  0.00000e+00  0.00000e+00  5.64351e-05  6.67094e-06  7.60259e-02  8.88329e-02
1.50005e+02  4.48254e+02  9.00000e+00  0.00000e+00  5.09000e+02 -0.00000e+00  0.00000e+00 -0.00000e+00  0.00000e+00  0.00000e+00  0.00000e+00  0.00000e+00  0.00000e+00  0.00000e+00  5.62818e-05  6.66916e-06  7.61543e-02  8.89922e-02
1.50505e+02  4.49028e+02  9.00000e+00  0.00000e+00  5.09000e+02 -0.00000e+00  0.00000e+00 -0.00000e+00  0.00000e+00  0.00000e+00  0.00000e+00  0.00000e+00  0.00000e+00  0.00000e+00  5.60631e-05  6.67165e-06  7.63028e-02  8.91349e-02
